1000 9887
746 447
712 227
56 775
509 691
78 408
389 19
946 848
928 459
254 761
254 256
619 768
869 260
137 91
442 364
268 827
232 30
474 26
570 995
130 820
647 549
29 334
268 906
160 3
180 206
15 423
518 274
639 656
910 746
611 435
435 303
961 64
299 413
657 847
30 987
622 785
629 423
273 70
463 895
416 714
454 22
865 413
829 58
192 33
726 674
640 857
880 126
684 838
64 107
658 853
479 177
974 523
681 275
762 225
965 972
325 45
643 72
737 933
496 597
615 956
853 519
305 49
516 617
440 919
832 701
779 358
589 515
129 109
354 980
525 711
323 947
766 101
987 328
298 767
871 47
278 569
436 865
498 486
253 368
792 104
569 874
114 41
940 503
392 293
549 588
907 710
859 193
240 415
714 275
904 320
668 489
686 870
356 333
484 757
213 452
485 559
547 572
877 989
381 654
848 237
276 526
830 429
601 811
859 495
644 273
520 287
269 565
170 408
812 991
438 386
122 881
85 129
1 191
625 110
388 358
9 879
890 458
285 746
344 90
715 125
74 335
292 282
754 477
968 735
912 391
145 488
934 808
75 439
841 432
179 825
491 251
594 680
648 272
409 316
706 570
92 669
588 570
148 671
775 530
64 486
546 822
619 148
141 350
698 621
162 362
974 918
181 446
121 356
874 362
583 390
163 75
847 61
278 776
851 54
192 457
818 277
107 742
537 459
167 512
776 865
343 451
128 784
989 333
687 878
393 684
712 974
72 109
536 316
632 165
975 703
525 636
530 806
441 41
557 299
171 496
190 428
962 413
118 250
410 884
465 62
829 875
262 856
105 261
201 417
717 54
388 774
394 984
47 515
396 78
95 887
795 581
998 688
597 322
212 672
415 781
342 807
346 682
362 683
178 431
835 610
715 136
308 738
939 448
62 305
389 559
585 629
13 196
965 740
734 406
168 115
79 839
192 105
874 541
729 310
657 49
350 302
499 752
176 573
980 775
801 882
895 118
932 204
326 823
718 725
41 933
461 532
300 918
83 94
603 791
572 42
679 966
586 218
435 714
239 464
81 914
922 248
267 5
487 678
509 106
544 235
475 166
167 548
108 141
448 766
430 578
107 595
456 217
884 185
25 868
615 315
910 807
196 155
841 714
399 294
336 270
524 457
447 490
893 38
841 603
875 222
147 294
350 739
578 542
389 429
108 945
110 163
627 503
539 873
177 280
315 989
744 185
547 662
683 470
85 336
837 833
507 34
270 194
274 129
609 802
459 135
423 800
687 631
677 525
513 548
260 556
424 701
706 15
467 513
195 558
605 827
761 155
118 186
155 428
981 104
692 253
711 179
786 6
645 193
8 154
173 344
198 157
150 114
966 150
295 962
403 776
904 803
83 284
709 688
790 244
801 685
253 596
633 841
218 777
90 60
554 943
439 419
156 583
879 881
914 535
643 111
12 6
729 556
303 513
326 930
455 842
467 967
137 851
136 890
638 347
720 836
645 935
67 703
420 284
680 262
935 630
521 774
337 165
546 435
620 608
859 824
423 307
987 156
474 505
954 975
73 120
781 687
109 385
225 199
750 685
254 540
700 804
176 466
488 68
170 181
806 594
111 226
26 928
621 721
492 395
385 747
907 554
892 100
990 389
345 159
899 746
100 855
800 869
730 234
749 190
256 535
294 115
385 949
61 860
298 382
616 141
625 65
723 716
62 382
213 242
531 213
717 514
916 584
984 143
251 400
531 322
330 1
848 590
524 521
282 172
726 675
361 941
527 950
487 213
143 953
545 723
421 177
272 25
988 26
115 250
912 201
40 404
888 312
562 9
174 195
103 107
445 43
144 498
282 352
453 427
327 236
55 117
737 134
756 230
365 313
870 90
430 523
569 957
163 140
993 877
99 778
194 522
546 471
641 457
328 988
312 449
703 671
98 826
872 665
391 885
38 746
720 477
370 218
137 267
599 975
820 520
90 237
769 478
589 245
437 120
379 523
408 9
392 343
786 635
915 869
272 929
841 818
419 850
443 621
322 59
843 18
659 360
806 457
777 349
81 320
543 570
802 352
459 79
411 992
657 520
565 143
344 317
566 632
659 70
885 601
754 248
151 994
43 669
212 764
48 885
456 806
184 277
653 781
246 471
303 20
14 473
18 996
735 113
256 785
377 405
467 642
692 804
568 362
202 232
458 126
652 506
619 873
726 719
773 691
533 895
771 476
774 941
424 177
117 76
979 289
317 922
321 607
344 1000
244 833
559 394
158 529
382 243
310 380
917 716
754 926
268 295
427 560
373 276
253 894
420 379
386 311
614 281
63 749
598 838
785 603
241 815
148 365
684 367
885 282
387 899
101 267
68 196
510 292
125 405
477 542
327 825
257 435
963 87
703 855
180 557
931 175
54 2
58 193
655 572
204 340
940 182
688 39
962 410
578 682
940 325
262 857
928 389
627 395
874 582
797 125
579 667
503 92
30 340
323 490
990 598
848 59
901 463
579 189
731 278
346 824
476 895
122 742
664 349
454 660
541 233
473 187
650 48
777 467
862 338
105 832
549 703
331 565
260 142
840 936
783 370
369 932
27 58
283 468
419 886
567 700
236 396
365 560
409 366
389 704
197 503
805 200
936 231
500 344
887 604
447 883
230 321
917 639
258 12
619 115
179 562
130 873
439 124
757 481
595 506
473 122
745 553
999 100
984 643
345 955
288 906
467 821
31 39
632 581
59 934
748 372
232 402
619 302
158 958
894 100
971 953
846 459
423 270
742 40
543 41
864 166
441 219
495 392
318 691
708 127
507 235
167 922
280 198
263 391
876 873
560 514
471 524
163 563
256 383
518 123
814 123
234 644
18 473
290 658
830 264
831 81
545 424
820 230
307 973
436 239
882 107
756 944
248 947
251 56
753 158
972 120
29 683
501 432
230 854
527 14
584 624
142 581
207 578
317 30
946 494
765 896
397 422
736 934
184 461
331 174
622 834
880 988
691 446
322 551
622 746
843 203
496 510
909 979
264 500
136 654
13 120
491 194
613 692
810 562
923 369
592 199
526 270
451 592
72 923
823 472
403 680
701 828
596 86
391 332
909 783
767 47
956 366
358 16
732 773
611 392
491 625
84 512
20 872
336 717
962 689
85 846
177 307
381 51
633 410
524 287
971 818
552 592
96 316
484 179
674 479
72 309
418 257
419 552
630 306
860 19
964 372
859 118
575 146
668 528
214 238
199 382
328 637
682 852
574 862
155 764
467 330
178 695
216 510
414 527
492 283
240 452
423 967
9 919
839 319
401 237
26 754
902 627
772 839
972 243
5 372
743 688
374 61
695 985
118 54
691 410
179 174
992 683
550 682
995 816
101 961
592 442
676 477
269 97
970 254
443 850
624 117
93 238
81 686
83 424
374 761
50 227
503 799
594 996
529 855
253 857
309 551
55 199
148 475
210 108
653 302
779 195
292 922
591 38
559 580
157 516
582 367
661 912
510 346
78 62
206 115
245 535
33 655
414 28
99 922
443 508
102 691
823 785
864 878
333 37
924 712
690 998
450 323
767 660
949 154
94 786
405 537
869 68
176 511
837 998
416 334
750 313
972 851
390 933
790 268
876 145
584 347
551 137
260 486
391 526
968 585
401 312
330 622
863 280
403 278
506 431
974 514
143 472
350 244
830 34
891 48
621 103
605 866
554 32
645 247
874 773
361 878
623 606
916 958
352 615
923 106
852 828
179 138
880 13
536 713
424 35
226 243
744 620
339 976
411 303
252 400
586 371
934 953
653 114
49 283
191 928
748 419
291 802
274 940
65 920
874 473
112 22
34 888
899 304
172 374
814 61
487 303
179 582
148 511
330 486
519 664
816 417
858 740
142 772
822 331
589 596
945 153
496 849
851 169
10 331
358 427
932 366
71 978
205 476
116 201
391 971
965 482
848 33
845 780
449 439
690 571
983 130
821 291
419 531
537 148
556 80
717 843
656 518
767 648
403 231
835 40
104 62
985 603
416 362
143 233
254 676
368 627
158 430
329 872
652 964
160 222
159 768
697 425
437 750
755 415
621 495
906 545
463 610
627 703
88 880
179 347
677 504
660 650
21 848
763 41
229 733
303 186
51 149
307 63
829 414
577 173
299 931
230 917
921 987
199 906
701 196
539 233
300 739
9 538
495 640
139 564
445 756
731 834
623 848
874 426
491 886
700 98
461 530
448 931
638 466
13 309
568 980
440 883
97 396
979 26
768 625
629 166
576 478
148 310
984 563
757 258
25 249
304 128
926 273
219 849
585 401
219 191
628 17
354 922
779 49
972 267
730 545
519 51
580 35
107 883
440 286
792 51
651 968
891 463
12 646
472 623
34 970
609 582
538 586
405 593
502 607
56 221
435 982
423 845
962 129
342 103
209 788
806 278
644 437
884 239
890 623
228 330
697 453
441 519
354 288
706 13
669 951
212 710
285 910
973 609
367 758
904 120
579 950
946 495
963 535
749 506
1 964
480 658
492 101
847 925
403 556
830 837
590 980
943 430
526 66
682 349
209 179
899 844
312 626
866 169
369 583
888 977
317 255
141 49
235 922
255 87
148 883
424 251
779 947
508 910
325 832
635 343
217 335
576 237
294 608
979 216
461 185
213 528
235 184
932 226
975 140
832 950
61 476
967 730
236 550
755 558
844 805
738 288
576 395
853 447
776 733
814 117
546 751
528 46
250 228
102 217
577 535
157 575
139 28
542 129
949 515
257 73
996 610
23 614
284 934
525 672
656 273
682 547
812 140
975 704
689 568
318 733
530 989
462 762
91 453
537 163
116 944
251 667
507 373
548 485
879 21
517 626
635 625
911 307
318 303
399 218
294 260
170 254
578 659
502 699
431 757
398 486
272 982
57 28
243 589
279 224
503 7
52 109
100 849
356 315
892 213
66 751
678 888
166 44
973 436
887 82
122 856
268 532
679 358
412 283
326 433
517 488
649 800
887 368
669 701
655 382
1 849
972 466
666 677
482 834
563 215
253 645
156 803
143 892
594 707
4 467
832 244
705 378
408 738
737 841
554 897
460 924
118 832
880 863
224 211
387 651
559 353
525 401
183 13
997 585
196 424
721 639
543 194
246 652
374 779
676 224
138 294
789 206
681 589
439 837
423 320
978 249
580 325
12 409
286 200
239 232
993 988
81 250
614 44
241 508
167 972
279 962
798 856
436 787
823 641
169 760
445 603
622 72
68 678
53 22
490 69
631 457
99 712
225 901
318 426
893 462
351 422
544 698
707 406
449 442
88 742
640 333
3 384
129 712
260 118
564 164
826 731
591 985
706 43
744 800
321 17
817 948
506 31
89 109
677 340
900 53
711 117
809 751
478 232
766 927
622 675
229 259
956 979
957 390
10 933
130 458
867 361
681 517
249 962
435 469
148 666
611 876
975 215
163 237
794 7
957 729
541 794
830 132
913 556
242 638
999 288
695 107
732 112
849 319
957 812
473 805
860 217
77 225
349 604
980 738
893 31
52 481
676 763
788 413
38 532
935 286
594 113
896 54
971 586
773 464
441 927
632 390
281 710
893 353
986 896
171 147
688 263
318 70
379 314
539 778
212 572
711 426
493 949
854 86
485 721
532 478
666 840
152 856
703 343
819 871
817 976
674 459
787 776
717 631
701 338
583 914
431 225
749 422
770 557
473 859
807 586
300 732
839 181
684 890
263 257
244 897
688 929
433 342
537 616
904 665
745 781
796 927
525 247
213 635
641 81
828 900
447 962
908 80
514 251
953 841
571 502
700 210
594 941
116 409
651 446
529 798
407 352
576 479
300 183
290 474
44 734
234 191
415 134
404 245
701 617
250 837
805 667
538 774
522 387
49 688
153 348
119 665
564 826
410 693
705 151
802 68
561 248
950 426
847 359
929 237
772 621
792 163
243 451
560 399
66 344
513 799
608 411
147 9
384 725
132 339
171 255
635 946
427 265
636 489
30 694
877 785
324 919
753 259
56 77
830 409
467 661
229 542
69 841
697 452
476 861
517 209
886 912
492 596
565 197
308 338
221 527
368 92
773 793
953 987
156 781
344 21
218 754
537 810
44 814
14 262
60 813
364 319
511 56
3 19
22 797
758 131
710 142
658 877
364 334
737 812
795 396
600 228
757 82
945 360
912 127
236 551
898 62
535 183
684 531
61 469
233 603
325 343
880 530
741 607
334 479
29 627
642 170
625 802
112 763
941 414
982 839
543 126
301 895
339 436
103 439
345 695
626 736
261 401
359 917
241 471
522 310
405 914
299 243
782 528
638 794
259 769
495 287
355 680
211 844
33 444
592 845
845 53
345 371
534 915
703 56
794 836
356 341
566 480
753 303
237 86
76 84
523 543
892 903
761 661
568 115
87 549
571 916
561 768
815 289
783 263
71 241
878 643
169 121
703 611
908 980
800 181
216 60
640 942
177 391
408 163
611 149
93 816
161 894
27 917
418 939
947 292
549 56
54 590
81 684
614 534
26 39
779 559
407 870
267 275
974 958
900 549
887 951
537 322
386 302
867 699
581 137
641 300
22 596
495 895
604 429
732 154
202 617
940 943
584 976
393 692
11 69
732 9
664 793
992 422
719 829
77 1
154 583
998 332
819 843
401 754
951 228
972 623
183 496
684 59
608 644
82 741
508 79
727 100
164 429
603 58
273 585
592 809
61 554
837 311
794 809
81 325
152 215
826 617
264 114
45 817
536 605
251 226
198 431
796 847
363 224
352 795
115 6
282 634
854 186
715 224
170 279
212 366
506 143
895 860
625 243
677 233
39 571
80 552
579 542
883 864
379 397
169 486
443 771
795 86
444 56
227 696
619 874
305 742
539 96
643 138
149 605
207 203
305 888
412 909
608 520
718 765
442 440
371 466
942 5
232 780
374 731
990 497
370 678
844 878
719 66
888 454
157 629
561 817
875 832
788 713
394 542
704 424
816 306
923 758
233 128
353 187
806 989
128 788
555 735
591 181
208 450
171 726
869 13
319 342
671 13
384 61
183 423
370 362
333 118
105 239
146 539
559 809
105 376
342 383
824 490
287 554
882 352
328 906
132 489
903 944
81 391
640 12
729 363
937 734
632 308
668 602
172 617
503 89
251 928
358 836
554 337
661 475
556 969
759 264
998 692
948 105
879 131
243 693
544 310
241 299
325 651
640 729
57 953
665 826
669 834
947 928
515 612
958 352
249 274
212 386
69 519
584 821
52 747
240 123
154 263
28 364
927 375
531 383
36 807
313 882
5 620
173 506
112 276
221 494
84 922
446 769
838 797
823 600
865 187
447 973
528 437
605 185
974 950
754 897
797 839
852 278
301 120
619 5
586 198
839 760
326 981
76 824
976 758
738 397
206 143
723 35
997 640
263 60
429 468
931 110
282 500
111 790
672 564
260 471
656 311
951 423
716 895
19 62
703 579
565 622
896 245
953 260
57 319
556 167
599 172
945 664
472 706
788 434
475 969
795 14
426 287
688 198
497 226
702 234
924 929
964 418
471 722
128 316
755 351
132 348
372 789
673 80
535 846
962 182
65 768
214 874
554 452
592 31
421 203
298 134
568 138
708 589
491 379
79 493
812 931
900 886
566 726
554 230
908 794
83 992
190 746
948 274
95 299
174 862
527 862
182 169
218 866
535 355
699 497
387 499
481 508
444 567
663 666
117 1
852 84
525 26
287 251
843 443
718 565
885 770
560 691
406 159
692 684
330 429
471 238
45 966
757 278
581 148
434 639
478 966
183 88
921 119
952 987
227 385
448 687
33 631
305 234
264 149
987 314
580 355
29 739
176 25
304 46
710 730
660 443
78 80
850 985
281 498
524 282
893 85
971 823
402 614
266 457
181 250
788 86
244 257
29 950
584 467
638 874
604 782
181 107
973 255
447 232
765 381
877 867
90 55
989 885
994 577
207 924
237 85
420 715
882 906
540 708
212 629
506 406
221 993
331 97
756 774
118 363
688 558
763 98
691 705
216 287
491 359
901 449
627 531
908 582
66 865
491 500
401 12
386 888
777 377
544 92
674 723
161 908
776 191
961 869
249 187
50 444
303 850
516 161
22 830
848 721
353 213
64 96
905 622
875 168
567 534
482 930
690 127
88 277
463 446
664 717
422 693
149 907
27 4
188 999
636 574
158 731
453 261
951 10
936 993
497 669
791 445
228 539
845 181
466 144
245 778
223 768
767 750
424 249
210 141
926 367
86 536
361 15
2 641
759 995
667 657
234 406
732 441
492 694
110 381
972 616
220 709
148 26
841 563
703 744
65 652
233 854
522 181
343 137
237 902
533 425
368 164
129 947
792 109
348 659
632 364
65 573
302 962
730 825
877 694
806 626
293 517
277 505
919 817
631 459
206 562
190 151
626 201
152 746
264 996
673 24
732 556
820 217
949 507
721 372
823 391
907 987
626 427
916 603
430 761
351 70
412 458
146 154
511 780
113 341
757 548
42 286
293 42
222 64
444 74
231 274
378 962
765 822
843 148
2 364
39 907
98 453
692 983
179 828
777 868
348 669
477 63
633 825
658 946
988 429
884 750
187 374
77 877
5 809
227 921
581 330
783 734
935 839
992 775
790 78
519 516
280 643
94 586
580 630
513 427
865 120
701 722
297 756
127 662
864 432
774 493
791 449
213 643
85 914
22 402
141 652
769 227
309 730
880 682
519 443
758 655
138 402
285 321
854 6
766 138
452 310
551 618
495 112
759 967
171 358
10 518
822 27
510 599
132 603
538 706
524 433
963 83
983 12
821 337
548 575
396 828
368 999
831 168
372 643
181 931
219 272
113 821
812 267
953 686
708 948
358 837
852 574
915 242
800 818
284 451
101 397
235 631
18 147
240 271
807 913
920 715
926 694
749 130
189 921
146 111
75 485
976 290
752 313
517 413
445 402
122 1
677 199
934 254
94 107
991 507
635 325
1000 582
217 348
795 53
532 796
37 346
114 895
140 85
663 107
760 464
499 356
338 218
637 918
999 19
984 280
527 648
860 794
546 829
936 155
519 616
510 313
225 180
427 528
101 585
796 703
124 958
909 888
569 799
989 138
4 843
127 484
337 291
559 648
266 865
175 659
667 571
997 784
836 146
396 627
20 967
186 43
59 811
451 69
935 687
479 627
336 259
209 11
262 31
45 421
391 697
696 611
237 957
845 190
313 21
884 420
647 392
116 974
191 28
708 138
546 253
103 704
395 280
66 342
655 818
65 502
871 922
647 211
590 788
806 277
536 217
229 491
152 546
445 867
645 42
665 868
639 762
307 239
951 814
109 199
203 14
666 938
260 223
652 713
464 562
273 92
331 279
701 372
443 620
672 102
584 850
127 308
336 277
147 564
277 749
481 386
129 802
209 915
514 520
364 313
900 301
994 192
409 334
706 716
166 594
705 268
754 560
189 396
644 697
991 514
426 922
909 779
1 310
771 822
511 489
225 208
465 705
317 672
232 724
909 924
822 647
913 20
970 666
101 510
48 198
619 369
802 947
604 459
841 911
180 430
964 193
226 146
718 327
885 478
535 373
875 664
880 754
384 119
132 765
43 458
798 2
104 716
379 466
141 805
492 851
765 469
9 479
797 366
154 656
677 1000
768 924
107 848
76 481
777 962
650 80
209 128
872 320
485 339
147 182
422 332
142 895
128 281
147 39
461 443
158 485
894 979
22 303
55 871
4 779
441 695
677 556
364 857
803 594
21 804
192 746
653 563
982 449
52 910
826 693
80 776
758 312
857 25
80 590
748 149
532 758
529 213
313 824
540 137
778 786
710 345
145 407
887 659
157 988
139 625
340 470
328 438
182 561
348 973
710 123
69 129
658 990
130 686
420 509
743 193
301 46
504 70
412 239
330 519
718 385
524 968
249 758
664 475
819 574
324 224
755 700
684 640
791 232
867 778
903 737
745 374
818 237
834 380
108 992
24 331
777 691
263 148
485 4
569 561
37 807
665 454
651 55
390 25
345 514
641 125
219 105
972 617
941 150
906 75
187 326
360 449
531 602
256 140
648 670
21 644
25 577
209 236
928 638
693 178
930 196
471 292
151 682
81 298
320 750
800 696
501 484
437 357
743 925
356 331
304 250
530 384
735 457
882 943
21 983
82 807
194 493
913 409
15 233
846 603
709 831
260 90
839 428
252 522
861 660
769 782
458 153
166 222
169 202
852 969
869 917
674 645
183 569
592 262
277 692
95 221
596 470
62 494
251 435
469 488
296 82
848 559
870 684
682 82
305 740
36 924
554 977
828 144
379 786
463 127
361 541
896 816
461 618
672 763
767 18
771 225
700 201
421 568
461 763
903 484
10 533
11 820
249 801
235 274
71 680
789 269
719 76
470 762
89 889
805 531
115 249
816 308
615 188
244 681
999 349
694 309
457 590
767 598
626 550
989 504
224 830
278 504
536 433
503 472
292 751
812 486
850 817
725 963
465 213
673 872
312 192
806 787
501 788
273 555
492 441
347 326
494 155
960 875
890 740
998 731
103 957
57 221
574 794
104 192
609 110
824 185
716 511
131 435
703 195
677 484
165 208
497 256
260 228
230 830
268 735
269 370
307 3
201 516
492 125
478 56
43 525
579 623
852 836
622 723
606 451
424 116
478 203
390 857
777 597
219 4
364 214
222 204
120 658
619 771
208 558
40 51
477 2
114 892
339 97
359 34
568 617
54 564
770 253
952 648
203 263
775 620
693 995
55 154
206 354
157 678
129 397
520 554
816 321
817 24
822 299
70 460
770 398
93 869
953 409
21 105
284 973
712 16
453 766
148 108
951 374
792 316
607 59
695 366
256 855
955 453
320 776
845 116
980 880
215 901
641 214
916 472
590 243
217 479
189 554
975 959
228 16
29 65
588 496
336 76
242 180
726 354
17 522
574 822
423 990
597 511
635 804
770 1
29 355
126 953
731 329
147 1000
701 401
338 857
465 565
528 809
801 379
251 172
397 336
502 594
313 577
61 931
268 707
35 728
952 872
751 600
36 758
705 225
636 543
752 4
300 594
62 561
446 848
838 714
553 70
386 39
79 982
999 161
545 698
433 192
128 658
680 95
643 85
335 361
712 624
281 849
234 384
71 739
885 187
317 703
555 891
77 499
793 898
458 578
48 199
396 641
192 383
418 969
1 215
185 946
759 872
581 948
660 843
436 741
612 606
23 723
176 234
358 710
840 65
570 438
976 897
24 14
211 992
414 199
181 248
630 921
774 103
65 599
997 102
891 495
713 567
626 848
275 492
234 857
446 71
105 455
307 959
697 11
42 432
425 456
445 789
528 748
881 503
664 363
848 248
665 982
834 39
449 67
692 441
347 684
956 630
424 671
276 736
596 733
563 396
626 276
568 485
640 562
368 123
991 429
539 292
351 770
674 721
53 660
402 492
101 972
597 983
321 708
142 474
127 184
278 170
376 308
509 488
511 174
370 814
810 531
761 71
634 447
232 787
657 396
767 121
606 953
540 479
942 95
230 413
359 251
396 327
496 20
788 577
611 594
248 76
230 108
582 209
162 260
914 791
220 50
115 796
614 198
248 661
546 638
380 712
951 181
935 528
521 804
919 491
647 166
12 405
654 796
509 925
113 604
664 796
457 546
901 529
333 79
119 578
778 569
841 644
492 688
474 423
661 113
618 18
24 106
233 793
500 631
798 142
872 445
798 69
410 906
814 662
898 871
369 485
738 766
336 234
66 415
87 375
96 399
293 660
689 418
76 123
385 890
26 672
189 308
282 726
982 115
216 334
14 129
244 336
890 274
502 980
592 488
412 307
342 909
649 247
227 479
999 549
680 731
353 277
317 178
321 823
303 899
662 718
204 580
705 169
282 138
155 136
622 534
149 602
634 184
62 713
176 520
66 660
968 209
580 737
624 229
936 161
478 552
110 739
675 493
474 758
715 924
442 8
464 112
392 829
466 882
488 966
451 218
71 969
334 133
539 103
671 14
51 913
984 890
732 488
555 609
756 486
133 667
711 866
824 90
716 564
38 520
243 378
560 8
577 387
604 833
417 41
901 279
629 690
726 468
308 181
241 254
459 259
385 676
273 625
668 597
119 245
229 917
982 189
380 263
219 477
330 572
151 463
792 361
904 355
812 660
317 274
742 733
800 820
87 136
934 387
717 785
394 668
89 220
557 397
540 331
4 83
982 959
445 63
800 18
907 854
597 790
731 522
625 3
661 811
791 748
153 680
364 616
355 270
237 246
450 518
714 971
826 989
97 987
172 824
80 535
66 982
852 371
291 999
793 617
721 169
758 3
207 315
192 96
5 240
231 129
314 575
232 988
891 543
18 631
432 285
551 142
947 398
568 985
502 405
383 312
25 418
563 368
234 40
770 28
617 745
45 112
871 164
233 208
72 210
110 622
280 475
779 423
449 792
120 944
432 202
729 868
384 109
257 401
214 395
675 231
96 278
99 985
708 101
450 277
15 767
21 330
986 498
358 115
555 363
796 428
781 997
11 509
587 602
109 274
915 163
683 463
708 938
765 711
90 449
990 564
470 284
290 910
97 660
226 880
412 413
221 523
556 516
94 388
839 288
178 894
587 486
553 282
790 601
479 356
227 279
468 11
291 562
712 776
93 482
916 883
654 687
173 586
869 829
662 758
610 191
774 988
600 121
715 280
412 401
833 207
518 773
615 771
598 567
10 344
287 228
895 19
1 411
700 3
848 850
748 135
253 847
954 402
438 227
41 539
154 218
710 831
324 142
456 30
384 299
457 811
921 116
387 944
925 754
944 307
470 547
110 522
609 441
936 919
333 217
794 285
776 800
361 16
534 363
404 4
188 659
873 397
395 331
276 62
46 928
655 626
531 576
355 236
756 64
272 813
546 31
734 327
103 742
74 780
971 534
685 712
137 498
547 699
373 937
740 168
209 416
708 910
255 271
395 728
933 559
293 320
909 692
517 462
660 728
648 800
522 729
616 244
311 466
143 371
79 625
942 561
869 639
726 984
783 259
751 639
98 77
636 973
932 560
926 384
150 568
330 8
972 463
706 703
845 432
925 991
840 885
325 243
677 110
607 237
59 459
331 430
313 814
178 347
463 101
359 20
839 782
168 193
405 284
945 319
490 468
309 944
409 597
440 833
40 411
960 220
265 947
323 524
589 729
550 545
940 192
19 987
685 326
317 809
395 56
287 604
907 165
626 689
24 333
578 780
105 102
351 116
910 998
987 241
200 285
94 901
220 704
794 531
889 663
565 724
911 504
513 953
293 945
539 40
295 760
86 872
68 675
289 202
916 401
169 524
96 572
795 704
501 687
816 805
873 788
838 806
934 277
57 199
722 563
855 781
513 756
881 402
899 719
241 51
721 361
61 776
251 230
199 126
330 763
389 930
885 108
503 260
514 829
311 753
80 413
983 398
246 46
675 882
696 183
202 128
254 368
800 213
140 334
982 717
66 720
469 502
566 780
201 840
164 324
827 524
245 159
710 187
876 87
643 142
754 695
524 699
746 615
808 94
207 90
983 743
340 347
692 752
903 486
672 620
766 348
803 210
13 727
884 911
516 447
727 595
395 36
306 633
771 897
422 895
349 693
775 953
85 927
339 387
582 333
651 400
962 755
319 338
267 255
495 125
522 379
150 552
820 580
626 951
111 77
176 258
72 801
601 764
263 553
252 100
186 598
66 480
378 446
967 938
300 458
259 635
260 448
389 228
332 498
61 812
977 995
48 953
117 757
78 869
672 238
178 859
105 841
511 813
590 749
729 28
322 474
924 291
818 794
236 395
18 850
442 518
260 939
923 253
123 539
307 336
287 944
240 861
90 284
939 887
585 863
748 509
522 740
629 398
336 811
633 75
597 736
999 12
250 509
879 970
516 410
934 697
439 117
399 625
927 448
470 661
457 529
144 305
914 951
970 869
512 536
777 452
24 743
79 131
376 186
267 61
270 876
16 891
16 951
185 916
828 762
150 490
723 404
709 169
33 728
492 987
475 47
516 847
3 660
760 911
992 464
729 916
737 825
520 413
642 997
21 472
926 53
290 459
275 357
778 116
298 977
6 422
546 107
622 198
43 943
81 368
262 719
104 175
217 848
15 13
899 758
77 708
122 991
892 207
631 987
692 864
649 44
578 474
606 500
844 441
493 805
393 511
143 655
479 359
616 439
763 184
696 367
22 935
978 937
726 671
753 873
53 815
883 860
525 133
619 822
516 933
552 253
153 854
136 516
516 495
899 481
996 955
903 409
230 503
788 943
550 570
990 461
23 926
259 81
335 152
49 7
214 859
244 945
604 343
253 831
992 177
96 102
149 996
496 768
461 786
582 378
220 479
521 782
814 857
121 518
110 506
827 478
517 609
812 138
426 477
281 502
767 295
51 968
489 379
275 272
63 145
805 198
176 379
621 935
877 573
569 756
973 106
523 167
228 167
531 688
325 187
813 587
431 525
480 944
692 357
220 946
740 169
797 62
656 866
109 390
46 218
99 432
652 906
523 530
857 380
605 998
397 737
810 74
916 385
243 881
355 107
416 997
627 535
79 624
696 156
933 145
610 894
748 144
144 814
786 501
805 87
829 49
558 625
503 758
16 360
697 935
395 856
120 716
762 135
172 622
900 659
741 779
528 497
162 659
913 681
862 724
809 488
171 963
690 349
12 177
361 465
415 180
276 270
854 823
853 864
237 719
608 941
291 331
917 3
685 103
957 770
200 143
917 116
846 10
684 417
525 591
360 437
348 398
81 13
871 546
214 291
968 771
91 84
953 177
792 113
81 414
871 691
198 887
803 595
74 801
200 508
564 724
5 157
977 228
225 927
339 337
271 126
868 248
320 528
561 630
55 848
877 980
234 854
787 20
243 732
887 159
815 482
526 883
764 458
270 45
809 733
955 971
579 999
526 226
133 428
192 888
1000 735
361 855
216 110
566 658
992 735
558 546
562 737
9 743
230 627
305 648
93 297
221 276
131 20
226 138
409 410
190 561
827 636
39 788
577 405
260 583
49 284
857 645
953 966
71 391
900 631
794 158
649 689
279 346
616 828
150 449
809 443
989 264
225 172
462 179
304 317
837 109
642 77
20 713
348 46
420 355
442 167
819 543
625 796
538 957
993 508
408 154
400 526
384 131
940 904
978 215
780 869
267 254
306 446
368 829
935 647
975 646
580 54
873 68
323 39
963 344
591 470
63 169
375 843
432 925
911 479
552 958
811 155
691 833
843 522
935 122
171 137
190 183
262 736
502 741
454 632
687 602
191 299
808 705
972 76
773 13
260 80
285 931
678 954
916 635
114 695
213 193
825 455
991 86
648 72
44 945
99 166
62 318
452 943
878 601
386 828
848 639
409 453
1000 586
710 277
193 342
813 532
631 781
335 496
602 565
514 467
596 756
736 623
610 8
369 702
563 898
545 659
576 828
738 164
687 365
747 62
423 419
54 698
861 42
184 996
594 935
794 101
729 584
197 162
428 122
703 822
553 57
953 557
662 135
956 416
650 759
300 60
253 124
881 819
58 122
59 815
6 234
873 407
600 761
927 886
984 856
509 835
347 104
954 48
993 542
742 179
615 387
266 478
929 374
507 366
141 910
797 311
237 864
416 286
436 977
254 632
661 280
673 250
251 978
656 1000
454 725
609 968
260 395
995 499
704 996
393 179
8 706
489 986
214 159
742 767
929 946
90 382
787 76
644 323
631 173
669 944
375 403
473 270
297 388
255 745
420 946
645 167
84 156
374 41
946 486
70 822
274 299
482 198
781 312
232 69
622 754
131 223
529 432
567 664
89 329
342 661
623 780
296 45
254 364
248 486
637 852
322 705
70 99
679 703
149 656
975 228
558 820
283 726
265 871
678 509
735 740
859 150
244 129
481 209
13 928
118 750
819 697
178 275
975 58
37 405
874 171
267 459
159 73
77 496
774 542
297 816
483 809
71 770
104 673
694 240
718 250
781 640
43 462
116 776
444 775
975 94
766 198
335 191
569 763
534 587
829 825
280 298
212 813
910 554
158 207
473 319
953 5
700 816
228 55
697 8
509 570
960 854
209 422
851 787
947 592
747 930
96 880
960 965
800 894
449 64
415 831
198 581
406 534
603 137
657 948
217 77
914 29
522 930
249 348
161 753
161 534
435 179
753 924
666 573
887 329
913 108
342 582
900 382
1000 898
529 412
822 827
786 261
168 52
169 701
172 832
841 275
552 218
770 817
335 89
562 431
106 883
487 434
188 781
705 413
634 301
905 883
583 404
594 630
970 811
335 895
600 484
709 78
983 547
31 86
714 340
163 38
98 977
486 328
713 148
716 185
185 979
885 446
906 789
375 576
451 112
417 288
219 252
366 893
223 668
492 988
431 963
581 695
929 318
180 368
940 346
122 707
564 542
466 721
986 424
968 915
584 795
906 804
428 533
952 487
535 796
312 6
555 194
593 395
207 895
66 13
251 11
858 17
850 979
38 175
96 796
904 217
562 713
29 296
697 262
458 306
356 597
269 330
957 189
118 251
778 976
213 157
584 844
849 182
62 402
655 347
532 662
511 105
369 512
691 111
710 185
602 606
415 343
258 142
39 791
957 496
101 894
743 259
191 936
23 490
126 259
183 840
609 691
657 365
770 132
58 658
315 33
59 380
835 852
852 367
567 745
115 755
344 702
642 253
352 655
385 76
405 129
141 647
275 621
202 951
519 438
831 608
615 265
486 455
436 728
423 498
850 922
46 623
30 16
323 38
824 513
778 94
120 498
251 856
413 41
860 502
309 104
497 248
134 141
561 951
693 146
787 341
401 498
698 376
954 750
683 484
882 137
108 591
582 708
760 561
320 718
229 914
433 929
910 653
373 253
146 326
642 310
207 851
977 848
62 114
624 748
179 306
694 663
254 661
541 224
501 419
63 364
714 532
234 986
751 723
739 187
706 80
467 476
435 122
499 815
527 621
321 871
106 759
530 21
187 602
560 732
867 172
374 653
934 834
663 128
704 951
645 565
37 325
165 784
974 734
611 800
724 223
509 429
680 103
934 556
168 155
723 203
740 875
463 460
120 889
652 759
144 420
736 334
699 306
66 461
515 857
6 574
614 419
776 696
837 465
289 731
767 784
310 115
183 227
442 43
73 5
10 279
375 667
139 121
305 337
977 359
639 9
916 134
556 157
191 312
427 979
799 279
525 918
214 505
626 46
470 855
69 864
955 473
725 995
564 551
195 476
837 533
217 692
254 633
772 596
974 342
355 770
82 566
619 510
893 286
321 263
547 529
270 200
557 73
660 848
412 105
985 345
697 461
260 53
868 162
302 584
873 524
714 520
114 728
406 762
339 709
855 533
199 977
869 937
999 622
465 364
325 907
808 363
916 894
559 134
541 407
819 109
16 270
273 369
457 492
232 940
781 25
657 11
14 696
75 954
496 725
44 587
430 168
838 101
879 891
610 713
956 240
797 899
10 375
931 978
55 250
477 260
25 387
867 644
374 948
659 956
628 351
387 949
372 157
627 537
487 764
971 975
760 62
281 331
968 11
751 256
954 98
844 500
461 114
297 977
281 341
882 241
695 217
916 154
419 578
997 17
135 262
693 296
474 126
232 36
488 78
163 726
938 336
596 916
236 47
824 279
748 856
995 494
507 869
791 785
256 626
76 83
303 292
144 755
697 489
331 103
886 383
522 708
566 517
511 790
587 113
792 578
334 821
317 57
669 772
339 737
503 466
730 702
808 440
881 166
75 235
847 633
995 938
84 139
541 421
74 417
49 531
776 165
499 945
13 2
260 621
528 725
819 502
468 264
235 15
552 219
311 338
904 600
727 874
23 504
692 543
328 266
809 349
719 198
481 252
580 536
745 488
267 502
111 743
137 966
357 867
528 145
693 761
508 497
76 717
992 462
411 553
358 279
418 88
977 431
461 22
45 343
121 657
111 42
202 882
994 797
870 161
281 754
307 622
254 689
972 836
542 434
435 410
161 501
125 956
329 891
536 231
939 162
282 675
464 322
323 393
973 511
170 508
669 966
801 182
481 626
479 411
374 231
891 971
708 643
116 842
969 456
494 572
473 371
766 820
637 163
969 534
531 251
92 963
654 451
493 144
279 1
9 741
729 182
435 319
353 154
18 459
853 349
47 394
490 277
587 129
734 48
44 636
527 606
456 748
933 358
206 408
888 751
145 656
700 840
58 659
904 514
315 32
7 302
335 173
11 811
990 284
415 5
735 588
318 976
814 949
799 163
965 183
277 85
558 446
690 718
818 411
716 850
954 171
612 899
404 72
31 363
348 509
612 530
741 370
481 364
384 931
24 74
869 30
7 771
959 825
327 742
663 852
797 450
121 911
129 758
824 352
698 377
919 543
955 666
781 767
601 626
195 257
638 567
859 294
481 956
133 91
765 656
896 513
273 840
203 139
556 653
119 23
122 809
380 481
693 840
735 185
539 450
367 741
777 473
616 207
249 426
696 78
959 189
165 172
991 80
683 931
575 657
545 966
602 273
342 540
40 794
661 920
938 767
212 504
305 682
359 379
363 124
676 935
697 620
754 583
349 161
187 714
600 97
122 493
877 395
332 963
10 720
936 972
175 458
895 123
291 201
364 497
516 502
44 503
810 941
585 813
456 407
607 452
905 906
124 948
50 819
469 971
715 559
283 141
678 585
799 135
983 846
258 727
477 449
81 792
814 832
836 152
660 430
970 578
375 612
955 250
802 644
176 195
784 386
272 694
310 146
918 605
318 697
375 952
855 498
821 270
34 80
346 174
609 748
304 886
354 757
480 568
655 192
556 956
613 61
104 3
605 664
845 410
683 451
497 116
904 436
333 710
595 655
686 826
726 359
644 446
76 40
792 329
977 947
527 483
530 453
120 323
362 679
386 589
976 373
1000 379
982 447
272 579
967 169
736 961
697 317
187 923
901 203
227 394
394 922
174 647
628 190
565 382
179 47
970 494
956 845
792 662
425 915
354 27
445 432
322 573
566 856
736 815
90 389
737 602
410 888
361 958
767 354
307 256
221 346
168 90
981 448
505 511
527 980
476 264
615 831
451 602
782 642
308 781
737 917
29 776
653 175
734 408
440 792
311 111
519 586
791 289
885 134
723 87
372 111
796 782
231 788
128 487
436 627
36 405
789 177
777 665
831 554
686 299
907 10
803 461
966 619
200 150
988 983
889 703
81 359
998 344
225 777
148 13
655 638
307 740
676 571
91 77
652 372
977 108
206 686
726 417
873 147
447 128
621 565
380 101
226 607
388 818
427 220
858 136
877 860
180 444
128 287
464 359
4 406
694 976
655 141
346 855
467 697
530 297
53 332
139 441
448 282
946 569
515 532
109 165
368 481
777 273
27 222
174 675
624 818
145 111
311 542
259 483
460 544
498 751
340 254
765 811
144 801
930 832
552 824
631 838
233 663
338 491
343 596
63 405
330 135
131 74
643 818
691 130
505 411
952 726
368 698
396 493
272 163
236 748
900 565
631 533
456 431
58 367
611 601
675 500
115 976
457 971
618 246
211 308
249 617
966 708
237 716
573 638
498 312
940 935
813 175
872 629
615 231
599 738
581 915
964 45
233 61
984 867
841 830
509 920
848 46
440 641
441 168
758 725
817 261
945 840
180 707
177 867
767 670
271 933
534 597
719 603
760 680
744 365
747 353
216 646
909 624
143 159
533 291
129 549
665 667
578 716
545 509
941 975
513 712
609 871
242 328
91 483
882 824
976 317
596 766
448 358
964 790
181 524
277 845
294 997
742 451
579 633
568 390
813 924
979 460
706 364
246 93
150 286
969 742
911 719
53 755
417 577
105 676
430 7
767 314
514 458
443 904
1000 783
236 321
455 993
679 328
524 774
482 577
447 977
853 702
287 184
272 143
576 93
509 233
71 678
457 790
594 849
311 663
577 549
158 830
452 31
839 669
404 157
867 812
837 396
513 334
417 337
254 790
148 231
42 942
906 823
655 656
988 927
574 44
190 457
700 179
216 836
695 994
833 715
959 415
798 27
391 739
638 858
37 680
604 862
347 303
522 89
686 684
161 39
968 945
399 101
685 524
655 852
103 955
264 380
319 372
665 992
964 357
543 515
696 906
265 291
929 772
34 608
678 953
423 534
853 173
895 550
52 844
571 980
53 565
267 828
689 663
423 743
529 674
196 238
374 115
195 860
127 281
153 604
904 932
944 881
523 906
377 446
305 681
417 983
663 130
79 843
559 93
211 195
891 677
196 533
88 182
491 211
11 616
356 911
982 975
490 409
148 583
790 242
245 401
707 250
589 780
2 28
295 641
193 879
802 567
163 19
439 230
576 296
957 613
462 61
176 998
281 595
109 521
514 18
533 822
591 224
206 6
137 541
559 518
319 493
945 950
858 625
414 51
492 983
788 356
326 751
226 165
77 299
997 874
449 908
756 341
940 254
100 355
817 333
124 377
181 238
509 817
480 569
265 131
927 913
363 864
664 119
72 365
707 59
825 36
39 38
5 210
318 107
712 466
108 587
649 455
632 649
800 853
624 553
752 638
548 911
329 643
520 372
43 833
85 70
372 736
995 35
706 434
117 326
812 810
852 783
231 450
165 976
627 861
543 678
709 531
781 134
344 141
421 311
960 471
211 223
715 287
442 393
371 485
154 5
852 92
357 538
853 645
636 763
32 617
126 345
735 737
442 376
10 580
927 275
909 772
227 807
480 409
93 122
466 164
858 674
984 537
362 981
350 973
646 731
224 926
315 329
360 507
339 447
275 679
44 24
7 164
45 369
858 452
548 408
392 173
474 461
129 830
314 370
30 110
531 583
557 700
937 892
973 102
721 981
884 391
51 746
967 584
234 604
288 888
96 533
673 455
677 755
682 859
984 662
960 937
298 64
804 831
657 655
251 96
124 210
507 218
877 927
678 743
290 572
204 154
665 984
868 241
706 244
264 95
433 888
752 410
808 668
113 208
367 687
596 731
427 699
635 183
661 675
820 483
269 291
570 726
575 347
852 956
246 455
503 428
89 392
108 476
327 130
130 951
957 7
208 522
852 803
112 662
96 11
117 459
545 890
84 4
250 236
982 442
992 533
165 837
442 570
444 156
691 133
409 866
822 937
862 446
370 808
409 220
611 707
746 671
12 79
988 368
590 548
420 484
519 536
921 313
280 687
390 724
791 104
657 279
396 381
344 566
382 82
918 776
922 149
96 6
974 161
704 325
353 681
564 933
600 406
34 324
896 407
438 482
401 949
104 640
855 343
124 707
250 898
433 516
155 873
434 215
36 907
110 261
807 417
600 803
747 724
90 241
881 730
842 800
57 488
132 510
336 81
428 385
624 822
234 688
55 930
518 62
180 781
65 934
485 449
531 833
404 563
795 628
797 30
925 457
468 660
124 246
184 195
717 871
845 306
815 494
281 899
526 887
796 121
765 635
986 888
492 129
207 670
251 362
976 958
844 509
723 756
891 954
69 554
120 704
662 593
891 811
217 328
896 920
425 825
554 984
993 360
631 730
465 983
874 445
47 261
72 591
474 815
75 580
595 381
575 819
49 353
917 720
296 774
10 946
315 403
62 956
818 262
897 957
145 944
66 573
614 228
687 123
309 290
438 462
837 284
819 769
54 30
214 464
200 318
399 326
848 378
223 514
538 714
738 917
483 318
446 182
804 675
432 608
289 233
913 941
755 330
811 44
761 905
722 385
584 354
540 367
276 576
8 318
835 307
484 803
13 563
7 912
994 986
273 846
497 105
937 487
596 684
597 341
621 431
723 882
180 139
164 560
437 612
912 571
58 521
14 22
369 967
688 893
726 773
875 445
746 455
715 20
109 704
323 298
27 54
339 776
675 994
198 61
383 115
247 449
386 939
533 765
338 432
376 259
291 254
952 676
19 715
224 439
791 57
870 957
853 736
321 567
20 166
415 453
71 615
44 497
904 530
944 559
947 404
983 758
325 488
54 702
92 485
686 51
158 407
601 597
949 564
931 25
749 770
326 605
384 244
422 924
791 509
447 315
414 48
570 298
935 726
457 531
132 769
663 551
546 275
26 785
267 798
489 386
272 680
699 243
157 227
162 155
336 394
544 943
480 20
603 460
200 723
592 859
220 564
25 514
834 824
946 862
51 574
62 994
665 594
744 53
454 905
48 636
857 506
547 530
623 231
591 837
83 148
75 482
176 978
963 627
857 148
554 92
227 396
319 612
468 930
342 975
92 790
825 487
705 73
8 135
589 674
344 31
715 48
522 726
510 245
313 804
903 865
101 977
482 181
891 723
72 681
52 583
550 450
147 503
785 211
842 4
827 952
98 372
649 636
889 103
141 264
93 15
79 76
533 832
747 30
365 955
944 346
83 246
94 276
659 844
434 628
732 110
310 419
202 744
332 687
580 453
358 415
908 271
396 696
271 572
182 75
257 70
224 927
885 422
138 451
488 772
879 312
236 846
862 942
647 198
150 634
962 564
621 785
488 147
635 417
134 46
707 248
119 676
375 926
121 875
584 77
159 393
362 519
132 539
793 455
777 970
81 437
506 586
677 865
484 901
824 282
146 378
994 598
226 716
632 567
835 764
998 666
268 809
364 103
808 782
695 670
221 839
152 518
65 251
872 245
66 84
449 68
985 442
492 158
844 75
967 491
222 307
811 274
226 814
746 132
393 397
160 384
181 566
455 443
213 409
133 435
562 615
869 633
448 395
13 861
179 13
821 966
329 408
243 914
91 473
528 554
1000 631
32 825
342 602
787 955
870 697
493 550
131 63
689 761
175 947
28 429
123 617
162 859
511 198
594 694
576 853
193 411
122 291
503 866
353 71
666 330
297 485
687 176
451 568
73 78
665 381
960 210
504 78
359 240
823 161
944 326
943 632
513 503
469 897
464 804
366 551
447 738
502 364
103 380
90 557
931 209
626 683
698 812
384 188
884 87
560 773
851 262
68 100
41 518
992 432
115 3
208 367
815 964
881 584
717 290
10 12
907 278
765 54
842 801
462 566
46 817
399 3
423 185
321 339
345 341
271 665
755 286
223 348
346 40
531 945
548 881
700 968
299 661
7 732
602 486
218 495
271 283
298 327
619 681
912 727
839 420
353 74
610 940
807 714
522 630
961 62
801 405
708 887
127 359
800 669
580 955
861 183
178 147
343 847
269 40
930 866
517 322
222 216
316 5
107 136
606 98
554 985
519 857
131 936
938 568
596 188
615 752
601 354
642 292
878 886
116 281
745 687
466 440
503 471
239 605
519 639
427 559
379 854
568 947
573 446
520 566
867 705
101 429
463 266
376 164
728 697
274 831
607 643
797 923
162 402
328 918
201 488
793 236
160 703
703 678
461 55
229 43
307 689
452 334
823 841
773 436
497 867
653 410
512 418
796 693
256 352
989 658
658 601
243 496
6 444
837 974
255 781
915 140
552 818
630 843
613 919
228 459
103 949
815 47
974 775
702 215
740 110
835 306
748 529
508 801
512 949
259 654
708 595
63 374
535 514
866 439
762 772
209 652
543 803
450 750
70 719
861 752
275 977
924 394
9 960
930 791
493 605
421 384
683 565
335 334
100 705
839 174
252 772
623 759
918 347
865 894
387 385
210 740
287 376
183 827
39 823
667 246
157 525
945 488
49 307
969 482
970 909
678 458
258 1
366 984
741 846
351 758
926 976
528 431
400 818
555 902
684 546
757 500
568 847
76 675
813 467
541 354
90 626
287 956
537 433
556 379
903 219
375 663
746 25
897 9
349 516
300 456
928 865
833 804
271 591
445 694
872 734
266 475
966 812
935 311
617 46
911 895
185 90
919 771
67 154
12 777
15 410
132 326
872 11
693 99
950 626
696 191
528 990
481 989
647 566
62 18
778 291
535 945
740 401
977 961
155 269
601 877
398 163
716 106
899 922
632 873
66 787
375 287
433 572
711 161
416 846
181 578
592 311
706 291
229 39
635 376
384 334
948 395
330 110
979 375
672 349
616 475
602 530
112 298
520 769
888 699
460 876
943 769
488 491
250 424
110 832
532 936
202 311
520 912
461 554
615 905
410 216
230 489
158 602
529 870
509 318
476 41
49 57
348 19
816 357
159 197
253 170
289 72
515 437
77 380
850 60
271 684
145 776
205 408
730 521
361 170
768 998
287 694
589 370
229 99
485 201
694 23
38 587
275 391
59 556
150 837
617 10
627 417
612 267
43 112
137 507
764 222
160 820
712 353
53 843
419 821
792 313
960 939
578 278
907 600
358 826
731 316
716 424
422 39
128 719
463 697
356 919
4 899
942 969
544 392
856 650
507 826
679 282
147 893
4 18
278 465
425 99
314 539
249 359
734 318
723 587
927 551
83 744
670 762
277 520
390 793
28 430
896 958
291 932
205 790
611 239
244 972
945 423
620 103
697 105
171 795
886 294
581 348
36 95
703 12
55 165
257 790
31 786
61 449
81 554
923 473
581 237
72 819
434 646
608 837
455 796
499 468
843 738
927 390
965 223
665 179
318 907
245 617
376 248
894 94
641 426
617 120
999 90
289 880
21 425
43 289
357 65
896 627
996 360
154 765
214 293
647 565
122 716
798 77
266 354
877 684
324 572
18 387
312 156
564 394
216 568
233 638
109 467
436 5
76 28
683 12
540 691
777 199
583 751
414 680
762 638
265 260
708 632
838 571
697 265
700 952
593 680
939 324
423 623
901 717
303 181
929 750
839 423
550 222
74 751
517 431
187 964
334 789
939 469
958 371
639 709
809 993
701 179
465 811
482 139
653 816
144 706
948 896
614 719
425 889
800 347
585 987
322 659
417 953
515 928
443 277
41 809
301 359
306 191
948 754
608 515
41 954
279 336
871 474
927 324
235 380
790 68
546 696
417 628
477 701
932 445
348 36
495 823
278 795
1 51
359 610
917 432
422 886
560 851
706 437
205 463
958 663
468 642
170 288
368 819
111 997
998 359
157 285
14 492
289 909
825 819
404 426
759 590
335 658
472 608
660 91
721 19
902 232
309 745
585 429
928 403
607 889
261 1
998 720
522 515
425 264
65 817
856 548
894 784
790 330
119 19
982 407
969 980
660 671
644 228
38 95
97 753
71 29
175 3
748 839
251 505
614 792
579 977
265 915
231 296
511 8
993 281
666 737
410 35
943 255
965 851
515 924
308 902
517 705
488 237
705 318
19 554
762 185
376 372
908 245
801 771
269 813
679 870
560 642
424 58
154 95
474 944
228 743
62 975
230 93
785 416
9 576
866 589
335 818
984 512
234 163
22 312
121 627
49 254
146 848
2 684
223 834
314 234
870 495
855 281
124 261
380 895
882 473
556 154
25 998
155 851
817 322
52 357
17 854
90 772
492 752
632 319
427 103
321 504
543 317
357 490
251 891
638 885
733 607
590 248
114 17
266 676
484 995
357 379
584 305
762 139
398 279
848 390
243 636
320 559
265 98
982 209
945 567
9 101
377 547
892 198
108 725
592 10
902 897
947 792
736 965
74 724
476 704
302 444
13 823
520 85
47 104
359 266
506 202
198 140
382 633
58 787
741 133
739 440
865 165
967 344
369 440
454 437
992 524
629 329
908 778
503 664
64 690
667 213
947 420
853 642
896 753
14 556
809 356
222 947
633 104
151 365
379 928
527 758
664 764
3 330
371 573
542 765
909 914
911 250
239 261
665 214
206 246
18 375
64 731
894 35
515 436
495 220
685 124
888 120
963 358
820 741
875 658
219 150
970 610
718 252
975 727
923 824
48 478
512 333
430 728
215 66
56 569
879 427
7 822
190 9
751 237
593 135
367 244
445 586
726 421
910 556
518 81
225 215
902 176
744 132
392 313
263 622
68 710
54 401
440 37
192 550
177 890
609 863
585 90
228 275
553 604
551 505
184 153
665 846
338 818
246 427
624 679
826 699
460 461
62 361
528 925
875 502
605 641
838 265
382 917
203 258
351 922
120 612
549 91
970 224
274 555
170 1000
176 613
84 118
415 270
726 266
457 28
443 291
763 552
355 133
306 363
369 875
961 525
454 886
254 28
880 987
748 980
420 374
419 359
153 85
337 464
814 930
887 824
357 797
395 48
713 13
309 602
275 998
121 442
582 345
859 740
641 425
326 667
2 741
846 482
633 471
686 331
589 388
864 141
953 405
334 784
841 691
811 807
833 739
662 383
986 259
814 641
254 555
403 217
579 400
764 140
432 583
163 761
937 750
977 645
9 195
302 824
229 888
472 931
327 287
165 448
755 480
901 476
351 405
833 446
483 229
191 316
453 535
215 682
256 595
501 457
372 967
263 880
433 665
990 647
818 860
134 743
303 180
398 152
660 619
130 522
23 309
283 40
338 579
752 359
592 496
26 506
246 81
909 389
986 520
127 246
588 836
437 848
979 321
134 912
943 218
286 699
126 442
464 879
808 183
992 564
168 22
938 550
886 400
121 26
377 128
560 743
249 958
585 820
417 666
1 475
442 319
569 776
35 164
715 518
292 861
899 335
849 520
866 678
617 756
597 566
174 345
4 615
987 390
490 210
737 179
724 943
716 632
528 242
419 291
590 26
814 664
68 90
894 458
181 357
882 434
815 986
279 900
656 741
828 931
498 58
142 739
15 275
162 229
717 85
225 835
946 953
690 843
17 907
878 152
219 365
739 626
958 208
264 828
651 696
981 657
564 367
363 678
697 74
39 399
338 984
744 107
23 172
436 137
937 484
742 677
599 292
982 404
754 271
66 347
847 798
4 68
5 301
283 135
861 718
401 48
188 280
578 144
729 100
213 187
338 283
383 239
644 27
209 940
960 798
12 88
438 579
165 905
171 153
188 126
61 232
335 505
731 394
624 92
911 604
588 767
633 994
62 658
247 690
753 521
168 129
335 31
871 505
766 273
288 810
257 861
844 823
234 17
609 59
438 143
663 322
576 300
945 89
230 45
124 544
569 917
591 236
97 376
634 577
451 161
414 55
838 231
274 789
754 522
185 894
690 977
765 11
501 845
677 608
346 90
328 737
993 753
354 609
360 146
413 440
623 115
792 223
556 840
460 117
337 646
319 818
694 730
919 739
109 57
142 904
221 913
4 937
27 344
835 417
605 779
860 788
922 551
316 890
122 185
985 125
91 718
153 659
448 465
377 493
286 977
929 518
70 952
400 340
553 402
501 84
164 132
633 781
796 484
282 203
122 266
486 795
567 518
969 307
932 129
109 512
280 552
614 615
248 348
784 904
291 232
525 340
439 32
847 423
116 339
151 364
524 970
11 793
269 673
55 240
594 898
900 965
338 68
709 83
68 365
895 376
797 976
47 244
284 948
819 973
771 622
495 76
812 130
31 421
742 199
745 161
751 383
402 602
708 66
102 753
180 667
858 550
665 273
759 561
560 457
691 785
712 276
539 837
837 900
108 532
474 154
972 941
319 854
378 510
289 263
455 150
384 573
373 569
816 528
1000 461
39 292
21 809
575 502
954 30
838 620
244 697
840 896
583 952
933 153
829 472
555 580
699 255
674 746
934 829
904 864
818 986
321 722
231 371
291 934
709 644
947 307
314 764
520 831
413 760
466 98
515 245
956 257
462 206
37 650
804 221
453 265
280 240
496 804
297 789
262 289
267 125
31 492
694 292
129 124
257 423
993 893
578 773
872 634
449 991
122 479
361 251
718 217
422 554
722 228
426 441
889 557
432 794
395 366
489 351
183 455
354 711
501 916
337 915
551 856
38 629
357 289
859 163
164 939
895 135
437 505
845 460
556 897
152 327
206 574
492 512
947 516
360 234
858 105
832 559
608 313
271 70
460 189
798 877
730 47
214 116
458 426
223 238
705 891
169 329
265 266
621 455
168 648
551 412
955 963
138 747
51 134
731 568
610 939
682 492
705 628
654 78
164 510
682 383
886 247
724 278
619 968
981 161
395 514
622 685
101 790
982 565
822 798
911 635
400 43
274 524
545 655
622 243
876 223
783 701
128 677
515 51
184 865
349 121
758 223
998 728
802 701
382 194
126 149
382 227
954 480
257 880
117 180
831 826
724 202
310 517
106 225
487 348
288 894
440 981
862 696
754 993
870 231
375 74
984 550
604 279
202 559
222 682
906 673
500 776
11 15
789 531
968 506
200 68
110 459
609 504
542 980
154 573
929 497
660 263
682 731
384 423
371 906
212 601
343 48
663 483
186 381
962 490
390 131
413 34
806 571
440 384
654 569
234 656
995 479
902 889
560 352
254 61
981 656
448 574
38 883
220 882
373 576
30 727
90 354
643 648
630 616
260 88
759 396
288 129
520 300
994 383
942 519
763 38
428 933
749 7
950 806
809 946
900 31
758 383
960 290
902 709
303 56
787 903
717 762
921 697
739 414
499 933
227 370
869 783
286 773
680 816
455 674
390 999
965 849
253 607
630 71
726 618
309 846
257 803
274 899
451 501
268 229
310 296
520 582
633 195
177 37
988 90
201 312
438 63
21 13
791 505
206 11
45 247
824 710
148 128
756 93
318 720
395 345
93 540
665 395
778 234
185 366
232 160
450 363
432 802
508 21
22 555
879 6
205 211
81 77
501 844
867 90
410 857
787 265
825 958
313 146
43 9
371 644
372 334
138 879
30 273
712 328
751 937
823 588
162 483
792 288
137 45
411 666
194 6
630 709
789 70
192 619
835 275
412 96
910 483
132 735
441 528
1000 353
922 548
958 446
339 714
89 439
146 214
842 912
200 252
193 145
502 133
250 98
1 838
316 163
222 4
446 972
628 228
966 135
930 937
92 560
679 550
22 815
373 9
328 390
805 156
225 671
809 217
22 158
889 107
600 242
123 943
787 750
558 175
585 243
141 405
715 624
554 702
594 899
277 181
426 785
745 925
762 445
211 433
693 893
50 977
73 432
559 797
419 156
332 683
421 886
188 101
254 514
78 50
180 582
418 79
941 289
500 759
964 70
505 799
694 123
686 527
798 197
746 282
488 38
219 438
807 265
385 472
313 957
842 844
950 307
613 91
356 244
734 993
555 222
403 413
33 934
927 662
877 999
661 799
312 993
935 139
796 371
237 473
479 428
506 10
549 662
938 927
867 15
605 671
130 727
667 484
247 934
286 818
801 638
929 545
714 777
273 197
596 19
830 995
246 250
288 518
865 284
187 264
424 198
260 596
145 284
334 760
117 232
620 241
608 745
71 555
992 776
334 363
879 940
546 659
728 818
840 428
359 236
641 653
70 353
456 469
82 147
176 980
180 772
605 101
272 327
382 422
997 715
923 760
543 179
157 532
732 104
383 984
224 959
23 667
485 8
762 374
552 685
38 648
846 19
243 250
940 44
708 16
858 421
124 899
399 361
902 112
599 990
443 493
343 156
271 931
437 87
938 428
186 713
224 524
462 570
467 908
416 350
802 570
589 117
807 130
740 231
206 575
725 533
432 712
697 44
716 376
899 680
95 781
223 344
131 743
501 550
981 876
947 692
964 638
124 243
323 680
228 305
691 699
985 410
125 663
113 247
900 149
955 962
743 887
726 899
71 58
652 645
810 64
217 290
878 681
917 807
576 919
313 759
544 117
891 814
861 906
610 138
972 485
666 648
577 499
406 391
744 604
908 893
66 632
470 258
715 333
553 122
373 193
799 485
430 120
732 520
110 908
754 828
684 939
866 834
614 556
357 605
240 521
149 833
847 414
795 733
796 680
980 317
735 142
940 867
779 295
712 770
50 921
418 917
384 237
331 896
230 150
966 538
8 26
589 469
770 337
556 290
573 668
286 245
816 191
615 257
543 36
102 860
931 350
634 781
671 128
33 276
821 307
381 380
759 243
258 927
812 474
966 855
831 223
194 176
674 134
547 748
696 690
368 611
989 799
901 429
133 51
595 760
744 222
14 420
87 300
734 953
807 55
849 370
703 102
392 66
599 177
434 453
61 60
994 653
830 127
299 757
283 232
820 49
209 873
735 166
666 859
625 142
469 190
492 113
494 739
923 100
761 456
737 567
297 246
884 80
607 158
40 144
684 873
361 596
180 721
244 775
481 83
956 440
273 431
535 51
602 662
44 494
230 449
608 657
790 103
828 430
336 948
888 385
248 32
638 301
458 775
756 184
404 732
615 507
87 470
543 366
871 814
533 161
387 895
194 579
828 241
327 925
917 179
195 55
498 66
732 374
505 489
370 19
139 264
229 220
358 560
283 365
398 363
932 999
683 427
721 124
567 339
704 846
873 841
124 85
622 204
604 943
678 610
739 912
722 606
699 987
394 581
5 109
498 913
602 826
636 111
51 291
915 394
75 409
853 218
506 503
89 5
806 224
293 435
22 595
320 383
212 325
143 657
790 596
499 787
812 800
293 802
882 604
520 39
406 476
210 565
250 210
434 45
677 127
679 545
59 440
701 105
387 481
374 371
141 178
552 231
736 516
112 302
554 925
629 455
611 836
136 526
273 881
420 462
576 108
652 145
279 370
982 860
228 646
743 33
28 778
809 424
430 914
607 694
258 259
916 274
390 268
245 323
893 773
766 493
72 249
257 89
520 933
941 399
210 155
599 727
36 483
665 501
738 645
975 720
962 561
998 339
102 868
621 780
404 510
261 275
882 331
885 884
209 243
816 933
251 792
11 833
578 739
725 624
114 387
209 413
90 714
820 203
53 292
441 706
835 268
906 412
564 208
324 777
74 612
915 422
614 276
904 181
757 594
108 474
333 25
567 504
703 493
320 202
563 182
737 639
807 515
956 991
773 767
278 311
407 913
396 134
144 183
214 699
862 17
184 728
165 296
540 269
814 340
203 109
349 19
660 449
567 917
770 185
699 261
619 42
412 862
344 572
988 253
457 867
813 390
281 13
71 840
628 443
926 718
84 565
344 389
569 979
452 174
223 886
803 494
272 614
883 156
132 710
538 833
280 113
547 917
909 742
513 5
58 170
441 34
650 406
63 191
266 860
307 713
114 197
899 802
280 271
800 582
499 149
252 91
734 819
80 76
43 80
318 90
69 976
802 287
809 553
316 623
920 746
7 187
85 294
257 454
144 696
342 191
129 728
873 184
958 21
48 904
804 891
90 319
574 69
960 681
9 819
528 877
156 934
503 281
161 600
36 604
421 6
947 962
820 380
126 735
628 873
41 115
723 619
416 761
681 35
368 226
139 571
776 134
506 930
850 885
420 427
476 344
922 942
830 623
296 893
854 597
615 892
802 699
748 291
326 841
538 225
131 845
667 783
462 185
279 477
712 692
529 802
509 226
914 732
77 478
139 541
126 117
331 899
244 480
228 557
135 19
564 903
509 964
607 799
439 953
632 73
769 491
465 38
390 158
671 299
498 422
171 340
284 621
485 188
234 508
203 583
85 631
926 87
836 311
158 253
730 862
755 163
521 447
659 297
831 47
92 685
123 138
765 311
8 735
273 269
290 527
627 266
475 521
207 858
243 533
227 184
925 423
87 412
176 571
791 514
919 585
332 485
540 770
13 958
477 593
902 552
51 228
599 708
291 693
991 730
80 628
193 598
620 374
520 12
27 12
448 570
643 326
230 740
426 451
323 614
415 306
52 536
331 611
499 709
779 535
279 357
714 32
700 115
791 164
103 76
658 539
989 107
681 330
511 507
99 568
598 769
802 590
399 748
992 160
542 532
376 197
49 97
747 342
54 978
594 191
656 883
815 631
638 12
328 951
974 18
11 919
82 378
245 990
716 387
768 799
782 356
860 141
493 436
475 937
149 280
2 999
158 78
877 986
536 410
510 637
99 594
372 582
696 736
454 688
54 286
454 34
993 758
668 542
299 421
708 783
637 191
621 730
217 812
199 388
514 145
976 79
371 567
483 209
599 231
802 327
768 347
809 609
38 157
699 693
772 258
818 576
947 796
587 261
56 443
238 935
908 593
472 43
643 388
401 17
844 259
421 478
451 919
912 419
450 638
697 551
972 479
114 947
813 989
740 579
94 367
908 951
726 682
359 407
362 393
952 595
537 939
459 581
326 610
952 706
862 453
387 919
433 619
595 330
232 804
265 877
879 898
225 113
781 613
176 859
605 238
934 720
41 519
560 561
431 92
653 312
158 750
89 787
418 875
861 437
864 391
811 640
39 652
810 981
25 59
474 690
92 229
613 743
590 885
927 304
50 561
324 400
401 885
497 972
388 629
664 188
681 866
578 990
445 725
765 44
901 977
661 209
798 262
495 303
835 66
945 518
894 739
860 439
54 506
347 364
955 621
20 997
65 979
707 28
247 463
527 297
341 774
185 490
333 738
907 607
580 247
530 398
252 278
311 963
298 218
691 673
401 211
402 172
277 960
276 757
670 477
639 652
434 285
312 705
178 790
162 136
930 745
283 497
786 488
787 961
438 671
735 927
921 631
683 624
300 725
305 746
641 880
623 810
266 663
766 626
982 927
107 51
776 396
625 515
846 745
684 592
666 455
344 573
510 110
516 581
967 700
702 903
6 910
343 459
915 698
880 701
812 210
461 956
558 282
101 149
858 560
50 725
497 1000
543 467
278 153
534 754
901 661
686 553
285 400
640 129
713 589
57 497
357 302
886 671
741 136
629 901
256 440
954 579
683 3
243 568
652 978
320 619
467 748
998 696
412 59
727 123
492 361
686 997
530 261
749 143
746 583
497 278
450 644
269 320
218 408
165 191
293 74
166 200
338 677
504 581
545 817
710 405
657 799
936 338
130 697
131 240
353 288
118 96
799 705
606 213
643 365
574 311
737 904
889 455
706 663
709 724
767 290
629 269
520 847
369 655
244 813
905 699
32 569
605 308
383 442
426 949
979 163
562 216
376 59
304 296
400 859
352 36
760 161
478 676
686 137
616 965
141 556
325 287
37 747
250 550
331 898
650 710
334 103
364 751
728 558
802 781
90 523
72 50
606 563
901 983
827 891
979 735
105 78
641 677
987 184
118 735
897 80
148 94
371 911
394 250
10 42
712 192
569 313
551 889
242 51
115 259
635 968
686 692
260 412
731 93
548 701
110 10
402 835
107 446
592 68
816 765
345 187
39 395
602 85
300 505
553 527
773 114
77 677
207 714
958 54
32 42
765 536
934 15
494 630
653 621
160 462
1 974
623 543
971 22
758 960
350 81
890 170
84 357
467 343
503 621
209 974
350 770
490 225
667 430
923 88
570 519
914 381
782 202
958 477
683 696
832 158
80 659
154 390
525 149
620 21
892 722
420 69
205 985
459 553
351 623
154 41
447 876
552 321
770 207
878 788
790 138
828 57
810 732
558 150
316 261
852 439
11 753
529 892
474 861
287 132
980 339
529 781
261 531
589 661
310 478
55 493
896 423
788 765
770 384
629 805
542 932
357 162
68 43
362 776
111 919
335 607
599 674
712 30
34 246
879 402
24 420
206 808
137 743
765 7
512 277
452 424
860 317
309 33
370 17
265 139
863 10
530 649
603 453
255 862
739 517
298 965
119 319
104 12
11 488
12 775
218 28
405 720
82 959
462 479
547 539
911 218
924 414
899 738
938 132
61 723
401 846
997 423
365 189
276 722
613 663
619 742
515 547
38 124
193 229
446 657
711 159
550 289
236 61
330 950
244 720
977 741
23 622
252 951
790 453
369 629
560 90
594 717
973 962
581 465
856 240
72 575
273 526
554 923
44 573
390 593
670 973
371 838
735 745
927 768
171 834
316 297
245 381
391 185
990 441
684 764
277 178
115 387
946 238
747 164
451 788
92 119
534 26
573 480
206 251
228 535
472 687
845 992
6 818
337 137
854 918
401 884
376 960
250 985
90 882
509 892
55 688
537 177
507 663
923 940
181 52
548 535
881 566
402 745
385 477
849 16
86 857
68 700
109 344
825 991
557 496
378 395
517 770
556 808
425 314
869 319
527 345
765 766
752 515
890 401
138 608
293 298
752 402
768 471
973 418
267 567
428 985
270 776
370 815
40 957
331 238
276 802
481 733
527 236
89 174
2 489
293 38
540 105
636 962
514 588
986 561
700 359
772 148
4 318
110 944
501 52
32 943
344 881
974 749
616 701
141 212
665 997
193 525
857 550
970 975
680 184
300 217
28 872
609 103
223 995
457 136
172 419
324 102
551 737
845 900
78 13
850 26
335 614
586 992
897 75
384 34
224 801
669 487
409 657
229 48
476 89
231 614
826 194
414 813
323 723
293 932
506 337
474 203
321 182
6 346
134 303
372 814
504 402
431 667
388 90
688 412
172 517
449 392
269 413
87 506
109 94
424 730
77 640
540 824
99 472
699 564
513 624
406 798
806 223
811 375
761 576
482 419
669 845
969 947
71 55
511 828
905 335
249 261
819 615
529 484
628 950
834 449
526 443
710 180
292 21
266 648
839 477
552 161
491 895
81 767
634 485
893 632
819 333
782 579
209 753
686 245
637 627
766 329
869 571
453 344
92 392
664 569
779 344
162 314
381 982
571 218
358 346
686 249
85 930
693 547
654 859
533 138
298 573
978 203
462 456
479 663
139 105
271 738
348 503
168 885
133 653
29 812
146 520
474 397
419 516
152 393
193 587
214 347
548 559
586 742
881 766
453 813
147 142
801 385
538 581
668 564
820 411
263 540
836 354
513 769
228 498
677 691
42 122
796 263
82 875
545 1
913 485
472 819
324 828
544 327
363 443
852 909
563 466
321 963
517 288
368 34
97 612
942 634
47 82
914 235
18 820
465 777
32 888
308 541
974 698
187 708
716 529
653 991
467 180
486 880
307 351
326 137
576 148
574 419
995 714
482 907
16 59
199 554
537 751
580 715
410 207
999 3
267 330
529 883
322 915
785 265
89 900
607 462
888 388
157 695
28 801
214 840
840 487
414 286
839 144
932 479
326 570
112 626
171 519
358 491
346 483
555 669
827 80
719 934
940 977
906 833
230 177
851 517
744 585
112 848
723 272
906 976
673 571
232 277
16 534
551 574
811 981
133 737
315 514
725 775
119 536
870 368
928 727
506 975
682 586
168 992
189 714
926 177
485 303
734 894
453 769
190 204
816 779
727 63
146 270
219 332
493 101
632 547
63 471
638 601
968 549
878 40
271 186
682 481
26 891
498 908
341 66
179 283
108 723
218 319
240 347
11 625
494 416
920 567
703 276
136 102
355 122
249 483
123 502
126 827
587 263
520 460
648 129
188 330
596 575
833 155
249 332
751 617
735 20
600 237
665 663
460 566
303 984
450 636
160 804
922 706
120 590
448 69
213 971
880 120
455 642
277 622
667 58
943 153
691 176
486 796
99 274
435 494
210 850
35 261
952 691
5 849
822 740
681 676
130 162
278 874
407 562
42 845
168 384
552 58
656 501
20 772
211 659
380 810
785 672
599 833
181 344
361 307
495 440
280 135
190 398
997 6
802 20
911 490
988 719
366 79
171 47
798 88
712 281
768 27
473 267
612 306
669 213
427 214
891 365
844 884
717 233
838 839
216 466
125 542
38 191
78 652
482 301
355 9
228 281
190 853
471 852
130 544
43 565
94 399
875 492
838 752
711 130
719 881
508 405
662 578
844 289
293 37
576 911
334 947
779 883
389 739
434 343
645 303
739 299
546 973
374 338
766 624
396 16
14 611
698 752
67 963
579 996
172 382
727 748
799 291
672 828
953 663
515 248
275 895
75 689
598 847
767 844
235 439
418 909
702 901
370 456
29 549
908 360
909 513
767 989
769 150
590 894
165 139
116 193
910 833
875 628
732 27
159 452
777 925
445 759
270 450
162 219
146 692
474 89
834 713
707 109
722 43
177 958
879 171
94 657
388 331
996 117
411 681
748 662
911 236
768 150
141 744
907 71
21 630
564 256
711 435
179 290
198 514
610 578
278 558
578 484
707 280
950 940
792 570
448 368
549 694
152 776
838 732
126 706
36 686
442 645
601 72
343 839
348 767
857 996
919 234
745 885
528 669
141 102
326 162
164 217
495 745
222 851
944 941
304 460
607 324
184 870
149 732
499 667
875 20
624 276
453 182
573 325
166 741
180 824
318 844
779 714
652 84
728 786
103 186
234 39
567 875
680 149
111 671
846 294
349 278
334 506
899 238
914 765
638 132
90 614
487 680
897 948
59 929
278 653
139 73
586 946
646 664
86 565
34 208
272 581
845 824
537 255
646 811
333 100
366 538
615 402
731 177
750 655
290 441
439 600
245 37
641 955
180 344
533 476
312 208
388 877
869 404
96 16
255 821
50 5
132 362
940 449
264 802
677 866
893 511
46 211
76 63
597 491
919 96
734 588
147 988
294 93
123 493
30 619
507 778
470 370
806 248
591 568
740 372
27 227
800 33
178 845
269 354
880 383
608 486
772 535
282 991
389 537
911 644
47 69
365 394
135 654
339 787
430 446
748 205
676 434
640 888
509 540
827 550
131 127
689 569
191 867
50 117
144 242
47 517
792 978
157 916
71 574
969 490
589 945
115 534
830 665
433 37
269 695
883 541
115 903
920 876
686 56
740 85
270 975
804 131
272 372
989 153
348 7
901 791
666 172
614 302
281 202
28 849
250 737
956 437
976 9
614 185
300 49
637 376
378 498
145 804
718 235
149 180
251 530
802 158
197 600
537 219
295 255
267 870
161 255
698 462
419 547
849 42
426 269
470 210
734 895
769 361
241 314
30 308
9 140
582 871
878 190
419 169
203 834
590 370
117 776
56 96
591 844
919 957
963 749
235 578
473 121
716 19
174 547
439 259
12 299
433 731
711 264
298 263
878 430
655 449
126 651
363 311
517 480
578 206
463 880
209 881
84 379
269 23
69 258
866 181
593 907
351 943
502 265
550 507
311 301
828 249
259 174
196 627
583 129
738 234
371 495
443 970
398 212
49 134
359 118
839 936
456 303
844 962
719 246
187 449
121 325
529 862
487 274
269 731
328 361
586 871
154 813
407 589
124 979
965 227
641 725
554 78
609 89
409 921
764 675
513 275
290 172
1 39
76 733
370 510
902 367
558 509
873 493
747 452
181 310
755 977
367 31
479 561
25 858
287 702
55 690
348 440
258 976
171 401
872 290
964 210
560 463
427 184
545 381
238 518
160 989
177 913
215 953
242 743
640 520
119 364
225 909
800 685
284 374
416 166
270 257
952 472
863 642
483 206
89 499
821 186
401 327
824 1
850 963
56 491
94 359
192 763
209 691
504 701
765 990
209 871
810 309
573 759
887 431
584 784
126 679
587 435
461 61
649 349
282 791
908 967
502 250
870 392
491 119
429 821
490 293
917 992
165 843
317 896
374 339
505 416
676 345
149 711
187 380
759 964
727 894
410 822
875 43
179 976
254 436
805 780
884 779
150 211
979 121
482 547
782 532
832 789
135 154
276 284
828 705
999 296
327 835
771 547
276 387
580 177
840 30
128 138
147 406
828 551
868 756
315 732
559 945
319 188
690 512
765 92
379 385
840 109
884 405
512 479
750 355
552 944
578 592
589 634
621 526
324 548
937 727
593 117
207 989
138 800
330 520
94 545
60 753
681 404
425 276
482 351
890 576
302 690
998 703
982 16
530 497
981 536
829 675
497 442
939 303
943 849
319 705
838 563
485 681
777 803
532 470
41 341
575 272
133 269
264 244
951 865
695 923
899 986
23 306
49 979
691 348
361 833
303 34
910 254
288 345
458 25
923 113
231 316
565 232
59 338
662 734
511 28
157 838
556 876
689 540
353 113
805 206
334 686
653 10
13 427
183 863
663 81
371 423
957 372
474 932
736 447
664 652
455 366
427 550
724 208
712 696
803 195
988 221
884 769
532 566
760 164
673 99
546 547
654 686
948 911
163 241
628 10
856 632
557 114
334 149
724 549
48 14
11 146
117 979
747 396
38 681
845 655
774 253
137 781
947 461
676 535
866 746
193 665
727 164
307 553
324 649
699 975
313 120
295 56
81 500
318 491
655 808
754 741
460 72
704 918
744 195
583 570
177 810
640 398
554 332
938 175
846 556
743 944
707 358
726 198
646 638
933 1000
971 301
368 326
421 196
369 147
117 597
632 743
811 471
834 127
910 440
165 207
592 181
973 616
730 192
212 302
618 873
825 465
414 759
96 987
464 983
916 879
95 288
852 877
869 777
563 242
801 569
734 393
221 330
832 145
779 954
887 693
84 70
503 652
990 166
956 114
403 882
211 189
586 19
643 104
115 201
650 820
387 678
356 418
616 774
563 769
361 377
939 427
993 108
534 125
367 292
689 196
194 698
193 789
710 850
159 232
474 730
132 868
238 586
159 377
827 451
30 238
231 603
858 588
702 700
224 747
194 975
301 553
530 885
98 709
954 949
259 793
600 997
273 629
458 699
747 438
423 235
764 179
711 596
33 21
34 838
346 980
864 537
385 656
445 768
526 539
375 67
195 745
397 669
21 941
518 708
781 759
717 552
549 619
164 719
551 461
203 163
773 83
351 123
781 304
599 449
838 635
823 976
31 657
329 537
94 283
956 722
71 156
752 343
787 824
950 772
387 198
298 407
914 211
429 959
585 697
838 293
514 615
696 382
145 8
697 555
257 758
244 578
779 841
88 238
979 590
588 651
311 300
465 900
505 395
344 775
953 927
741 386
149 674
945 259
528 373
379 971
948 690
309 940
201 19
573 283
169 539
116 346
27 699
690 473
908 96
35 148
314 965
7 362
135 177
641 790
323 657
875 876
289 513
41 243
242 547
923 530
410 451
656 503
56 739
953 603
537 404
43 431
910 875
750 618
567 112
73 660
633 428
751 4
224 759
890 831
279 965
852 234
841 616
208 155
945 570
566 170
94 699
938 325
646 18
830 335
856 966
319 974
159 657
75 346
147 57
901 480
54 636
850 520
137 115
285 859
402 25
898 946
313 402
717 106
578 414
89 251
859 491
327 81
309 796
796 504
528 774
929 729
326 267
554 38
795 816
479 315
282 997
924 84
32 196
232 802
467 272
378 957
809 29
972 511
421 335
4 313
500 456
338 479
65 317
709 764
982 544
141 64
749 747
424 204
499 528
975 182
191 954
288 651
917 592
207 112
779 595
746 642
965 932
568 562
679 806
884 788
956 169
337 447
317 609
546 685
145 560
699 486
607 657
956 399
499 76
524 203
806 933
842 482
665 43
573 626
873 456
216 965
555 26
345 743
845 786
45 603
686 450
237 994
119 450
693 93
674 13
927 973
309 102
440 491
658 602
775 265
835 34
261 848
52 312
713 706
354 544
190 138
195 272
440 173
731 482
255 992
118 529
147 85
630 660
406 994
246 749
605 938
215 674
786 682
493 956
845 631
486 213
761 724
407 268
660 652
476 785
848 191
369 839
545 836
618 882
182 935
787 771
493 734
723 641
356 554
784 523
591 82
507 590
182 854
203 329
645 370
938 780
460 632
689 642
83 655
155 234
585 625
14 291
142 276
191 841
123 527
287 950
130 471
633 974
795 427
504 150
947 276
473 669
183 862
865 163
888 764
515 73
424 326
248 10
746 777
323 728
931 921
291 54
20 728
24 667
565 260
12 324
965 186
988 77
435 887
989 292
257 107
44 181
965 331
513 346
141 697
488 803
992 487
721 735
667 721
361 216
860 166
536 276
456 887
228 776
622 472
988 770
510 586
224 703
377 835
362 581
359 442
755 166
955 568
738 936
914 178
228 110
323 306
199 415
181 944
807 928
467 799
359 853
158 384
271 163
312 48
136 254
651 513
527 402
160 228
828 202
302 574
694 528
735 172
732 378
208 687
284 204
418 133
701 361
208 574
373 796
100 612
982 654
255 472
257 745
790 573
792 822
355 398
446 560
224 467
939 726
176 598
414 132
308 911
131 53
274 619
403 885
577 322
434 869
991 539
6 665
235 339
201 199
538 206
187 20
580 581
373 449
528 40
893 650
50 804
131 573
11 979
124 568
965 158
825 523
20 867
516 680
142 471
284 936
546 439
323 978
340 988
272 532
730 571
453 748
664 425
673 937
752 942
56 917
220 664
424 857
96 406
993 664
99 601
980 898
871 744
575 930
171 226
928 295
412 200
224 320
164 889
679 10
385 768
932 176
668 313
319 651
929 835
158 280
62 235
870 674
895 633
592 146
448 442
472 48
364 6
540 1
482 217
246 102
965 540
341 274
576 981
98 41
265 950
876 120
531 431
933 463
889 387
687 48
912 326
400 106
225 27
795 403
634 425
406 728
878 820
202 317
116 347
282 501
447 541
527 761
82 971
518 486
723 467
561 476
998 107
983 925
967 910
440 515
438 18
208 495
461 915
483 679
855 327
909 619
418 70
435 988
130 809
43 319
832 600
409 697
250 997
357 420
850 302
841 623
366 82
591 415
774 85
872 435
764 865
199 470
826 268
85 411
530 632
181 1000
240 412
755 271
39 510
248 991
389 155
462 963
636 26
414 614
238 874
864 661
973 461
425 335
167 312
877 113
933 943
570 619
350 243
448 279
764 293
806 6
957 170
649 201
943 491
784 544
469 368
680 721
37 92
679 413
611 59
117 302
902 644
778 958
749 136
786 485
680 864
390 791
852 166
509 89
36 875
735 811
439 382
576 160
926 884
822 933
201 957
37 271
888 737
335 46
317 527
927 362
443 535
452 778
128 576
572 11
40 396
224 249
6 609
147 859
768 681
31 182
733 56
435 749
183 27
210 87
567 177
976 674
723 495
580 300
239 378
598 957
881 795
127 639
789 216
257 447
574 59
798 270
121 562
543 793
146 913
988 904
646 834
759 975
375 966
340 891
219 122
592 752
59 725
579 266
392 480
907 259
824 483
996 225
393 26
488 408
74 849
424 928
941 945
748 657
821 107
124 743
114 417
168 879
62 65
427 324
136 343
449 396
694 666
640 994
528 969
743 799
526 835
491 801
860 805
866 422
374 76
846 752
136 33
778 624
545 859
503 279
674 545
514 778
442 654
648 92
5 321
83 545
725 82
443 699
106 566
878 688
682 359
889 345
338 561
709 590
486 761
677 160
626 919
766 512
801 652
948 597
951 694
114 839
481 72
746 596
191 985
585 850
273 452
101 752
512 851
362 236
698 514
460 685
383 310
210 936
232 752
177 49
70 324
320 120
521 916
261 657
301 144
837 494
569 896
999 334
362 785
344 878
550 860
1 570
780 977
181 364
272 696
661 50
299 145
465 169
512 270
900 757
326 167
341 999
219 503
241 275
115 262
6 427
780 646
762 608
713 523
54 423
366 501
329 990
82 980
735 393
238 179
42 102
317 288
411 807
566 445
604 736
643 752
878 240
725 276
550 381
378 161
455 487
810 242
4 77
248 653
249 436
62 646
723 147
563 327
433 414
933 89
934 226
465 781
173 596
931 632
161 856
365 536
205 835
98 501
373 61
926 829
481 833
269 978
733 301
382 805
218 778
348 845
574 423
390 622
173 161
550 700
183 957
956 227
904 542
176 693
268 157
735 513
538 207
847 123
23 901
83 230
434 580
366 635
665 192
538 126
46 329
837 450
880 867
162 346
936 941
408 198
653 496
197 948
239 201
79 432
228 862
870 485
512 379
694 151
578 320
202 813
150 709
419 548
549 268
225 757
467 988
854 728
950 303
707 38
176 430
34 836
109 256
259 569
406 824
850 546
764 400
491 915
971 378
721 279
636 102
586 230
844 91
611 288
762 700
544 359
625 150
269 306
308 296
570 711
882 885
593 750
632 884
924 114
433 553
269 131
753 992
471 829
832 465
8 179
942 666
953 764
910 180
130 378
135 751
579 717
47 483
715 445
662 644
236 267
905 613
710 240
801 692
714 255
503 301
628 537
75 939
538 257
905 758
432 348
250 447
269 839
878 821
516 472
991 638
287 748
747 10
801 918
884 929
793 919
41 666
840 150
401 990
722 102
119 730
656 376
471 89
880 742
348 260
941 281
414 171
978 232
8 934
135 375
603 439
507 282
76 269
686 646
946 999
764 866
753 503
897 445
4 705
960 823
657 745
566 347
889 614
364 679
695 637
755 270
96 657
570 494
502 165
670 293
854 454
855 891
379 34
53 301
540 721
977 905
753 162
994 332
951 992
87 563
643 601
408 902
562 539
688 674
672 39
838 756
215 69
591 334
630 330
714 817
136 376
116 397
98 458
390 788
246 242
321 681
984 23
622 521
899 46
424 206
943 185
92 643
117 240
45 883
816 988
932 61
758 891
889 248
401 711
926 535
103 146
909 859
450 374
88 373
440 962
576 510
996 735
390 782
283 928
837 9
598 482
663 157
22 783
993 795
315 499
620 542
125 408
128 798
244 314
865 267
391 975
858 570
567 86
592 610
737 399
668 783
539 118
335 530
34 59
96 480
149 346
464 70
889 677
484 79
121 787
361 591
234 530
91 167
788 7
507 407
932 806
13 99
320 754
816 727
68 556
416 197
627 311
356 359
346 54
53 257
95 922
809 716
661 691
331 48
901 228
260 252
504 167
799 937
14 7
161 593
606 445
75 55
1000 560
748 854
302 65
469 275
680 718
184 413
369 935
834 427
363 129
53 709
148 851
645 385
832 136
541 592
518 800
776 479
80 828
447 886
249 987
800 453
839 988
145 752
59 342
921 375
23 243
983 349
177 167
417 656
166 793
381 782
651 443
226 563
860 520
586 220
70 325
862 673
336 607
999 841
779 351
173 68
671 965
653 378
305 212
773 143
183 239
591 18
884 8
906 854
103 404
457 610
497 573
45 283
529 726
402 520
665 438
8 803
890 943
63 843
468 657
919 898
466 530
608 279
807 201
295 53
833 630
688 351
986 412
968 959
635 959
194 59
274 844
678 713
356 283
564 224
88 729
312 929
28 37
13 951
621 418
358 8
995 53
379 717
94 205
389 517
431 254
95 301
156 19
869 822
856 663
766 978
838 335
574 469
79 857
814 292
83 282
70 116
643 220
973 134
792 982
649 627
615 776
42 189
727 946
619 205
302 107
219 731
273 423
188 854
627 560
84 807
253 952
474 903
951 443
333 412
365 970
59 227
874 164
439 244
315 458
162 347
534 483
581 972
799 5
645 963
798 327
988 881
601 620
560 72
869 210
78 24
531 569
234 475
716 587
480 567
946 960
836 316
803 653
186 51
517 903
204 390
134 345
392 264
855 225
877 873
664 500
924 830
322 72
972 18
906 480
952 30
256 533
294 125
320 472
764 259
239 15
951 821
761 515
907 871
14 511
217 241
970 273
570 695
583 81
795 198
31 664
378 932
924 465
226 208
736 712
691 6
838 427
452 626
469 444
553 41
934 926
185 156
249 34
942 751
72 549
980 159
339 17
286 520
583 274
529 442
861 236
32 894
631 518
232 698
947 511
702 572
571 315
297 662
945 226
144 271
1 138
707 568
672 789
487 748
870 310
940 946
558 34
699 189
794 667
155 974
318 757
393 770
357 81
328 809
224 650
150 742
120 459
341 557
256 181
774 75
354 680
797 490
46 806
431 540
338 383
180 284
952 365
698 337
302 948
366 451
648 614
480 834
772 719
292 55
467 729
942 420
513 765
535 888
942 874
264 77
599 369
621 473
35 906
824 5
646 450
613 693
562 905
100 984
247 155
782 130
493 759
207 569
189 30
134 641
216 100
680 723
57 628
757 971
113 822
959 639
752 197
616 510
990 67
576 819
575 559
120 623
998 512
190 523
141 125
89 692
491 248
386 100
369 740
353 255
248 275
840 759
469 705
509 500
926 901
528 340
875 47
602 877
235 140
309 909
770 177
740 772
98 668
501 610
413 639
624 380
990 415
314 996
962 984
852 356
49 81
324 221
896 502
35 2
723 497
739 983
224 840
745 250
780 815
582 487
659 710
901 525
650 271
124 320
949 785
570 102
592 754
793 317
208 235
817 391
727 156
603 402
713 630
191 67
161 386
638 696
198 869
309 148
826 302
204 462
976 127
904 492
336 222
927 748
416 198
53 159
458 577
167 171
151 550
722 542
173 938
414 256
322 176
431 278
307 796
159 775
769 631
721 350
27 365
617 413
925 332
96 279
3 891
821 779
218 496
19 257
114 641
647 899
547 475
770 702
882 698
813 892
781 286
485 951
677 221
491 454
166 338
614 872
540 75
742 500
264 470
139 674
359 327
987 934
681 43
810 449
264 421
856 63
382 783
222 852
799 492
399 976
452 729
71 625
588 605
576 61
325 777
852 410
376 467
306 258
127 942
791 265
407 512
514 110
71 663
37 515
580 499
391 12
103 262
875 809
275 527
537 103
672 861
399 438
141 703
278 625
10 243
964 112
439 550
423 413
525 609
732 363
146 514
842 743
94 852
683 297
132 561
688 193
363 885
389 63
472 539
289 251
553 854
49 970
262 726
925 14
468 591
844 162
627 274
935 245
518 423
481 972
464 286
714 690
131 422
973 403
59 852
856 735
624 651
27 520
437 630
810 240
388 264
744 884
1000 670
674 579
948 358
386 667
430 336
198 156
364 172
882 461
562 691
468 370
654 163
178 168
142 503
554 799
296 35
619 953
870 637
942 350
799 563
614 774
698 706
936 83
124 339
169 324
546 782
378 722
70 132
408 443
5 871
222 388
841 171
257 170
629 12
279 505
505 702
125 381
434 578
309 630
920 389
622 609
957 630
119 835
46 957
103 298
849 498
797 626
836 136
413 841
234 294
806 992
642 833
724 581
229 481
603 316
505 777
437 244
464 190
48 445
837 627
489 285
290 470
589 210
794 934
