1000 9895
266 351
530 640
582 713
436 931
313 152
725 611
275 84
497 100
254 256
372 876
892 107
747 936
604 599
412 892
238 845
578 438
587 916
506 397
821 210
894 824
165 286
203 167
520 355
994 678
5 485
227 45
285 917
736 977
701 301
867 29
902 524
1000 762
216 137
944 22
145 115
999 921
860 637
506 222
70 951
752 218
554 864
627 810
98 36
425 812
343 602
752 41
74 13
645 472
486 790
533 679
435 500
727 849
999 204
358 220
875 66
790 169
794 36
207 9
245 326
965 93
639 10
443 32
629 224
558 36
12 184
340 541
14 858
629 145
595 33
7 893
107 651
20 770
651 160
559 555
564 839
675 38
128 163
750 121
591 378
189 774
962 518
176 159
196 210
356 560
110 376
132 634
834 588
104 945
512 456
586 681
314 831
314 500
869 70
707 119
677 787
199 467
834 878
30 379
200 578
447 558
613 978
769 618
592 83
976 434
415 809
290 958
795 903
208 731
269 340
507 969
473 201
365 182
476 559
717 551
313 737
351 889
216 20
165 997
113 444
442 602
539 184
631 854
562 379
125 453
140 293
912 278
736 586
573 89
62 710
286 730
453 75
71 396
983 904
723 805
746 654
834 184
44 431
814 63
879 543
858 652
404 871
849 241
300 208
743 124
585 102
209 640
568 788
127 747
168 610
64 563
732 98
950 834
880 693
737 284
671 1
765 230
33 661
197 906
146 908
474 257
989 510
741 333
924 675
651 93
900 943
261 593
312 331
521 569
366 832
929 674
724 748
345 389
62 605
583 792
574 566
556 997
578 685
925 184
8 774
638 697
53 109
955 799
683 490
557 461
851 848
762 883
789 522
356 353
285 827
276 546
299 643
66 138
708 621
159 919
791 614
919 429
354 241
229 735
855 639
87 721
806 33
365 271
916 993
188 264
557 913
485 950
415 547
142 361
697 758
917 813
696 258
757 942
205 79
47 52
965 721
957 429
870 598
374 257
714 162
734 33
591 485
832 57
663 952
466 283
508 866
988 436
644 728
752 954
162 595
434 716
642 425
684 556
97 398
913 634
609 43
21 141
25 74
409 939
357 805
984 561
497 674
198 11
940 996
98 899
745 324
642 890
145 818
483 736
438 328
688 115
427 985
194 996
696 606
391 734
854 691
198 823
34 972
402 808
3 901
405 595
156 479
85 495
545 951
30 288
81 392
494 173
299 449
433 983
639 457
330 553
467 915
55 772
26 878
78 607
482 380
523 510
707 365
894 797
570 959
113 56
434 629
890 464
69 733
895 577
277 768
259 269
976 265
925 704
842 953
792 651
443 617
575 640
315 993
964 905
462 581
571 853
937 3
386 779
8 701
311 455
828 211
792 937
62 527
763 398
305 810
842 19
495 523
79 968
279 282
735 765
849 838
269 393
870 860
141 358
93 941
59 229
576 393
25 437
443 130
245 274
174 153
340 641
406 166
231 880
141 584
145 909
159 849
521 774
849 497
25 215
690 739
767 915
953 435
510 392
582 556
463 414
829 621
77 172
241 977
736 899
532 992
722 489
413 106
461 350
778 96
941 724
104 997
327 693
309 90
495 770
792 188
596 898
650 38
981 712
273 761
497 27
341 218
489 975
679 6
385 772
7 645
835 284
986 144
666 786
977 563
796 401
335 848
565 220
930 525
698 44
188 321
649 209
834 207
448 446
319 705
13 810
493 674
443 629
388 274
857 903
326 450
787 940
672 135
184 599
995 817
779 844
691 8
741 631
89 350
58 919
535 395
719 478
780 370
28 463
134 517
434 946
454 305
535 504
810 553
377 682
747 126
72 950
420 496
120 930
58 400
432 302
106 157
378 614
841 70
328 367
457 845
221 252
829 335
33 942
841 983
418 864
755 697
793 916
870 90
345 833
145 873
457 943
739 244
154 969
353 401
908 308
751 563
493 510
233 110
479 575
650 361
888 244
417 154
660 194
862 808
702 605
850 848
815 934
428 510
394 186
15 302
825 886
920 94
475 57
885 890
873 130
171 125
166 508
163 712
817 635
892 25
341 781
807 96
351 420
330 931
52 71
489 939
56 2
310 651
941 875
446 347
160 32
911 951
513 620
503 609
761 684
508 236
801 297
454 849
38 400
41 396
773 963
213 150
734 296
737 516
151 192
279 15
853 486
433 475
820 273
992 694
274 653
95 359
740 616
743 443
943 213
250 252
607 216
538 497
477 35
648 273
391 503
250 367
322 816
235 241
308 835
883 701
712 563
675 649
657 374
240 536
974 919
866 804
650 969
558 214
245 345
282 469
413 637
729 612
607 971
534 79
421 356
79 166
337 451
339 269
344 693
260 532
649 961
239 828
296 568
850 131
724 920
417 324
456 190
992 464
941 489
135 438
484 276
436 727
811 901
479 531
815 981
548 428
396 945
835 103
310 811
737 509
815 954
392 484
85 601
637 28
341 975
159 594
519 242
172 991
581 565
825 3
988 601
789 664
65 950
48 676
989 929
463 78
622 125
894 998
769 629
535 926
973 493
906 422
47 864
859 458
806 215
506 633
666 842
628 617
26 557
43 761
27 284
191 513
583 771
697 644
388 347
985 129
914 255
553 325
536 693
24 804
779 916
464 783
446 947
529 109
32 963
52 526
308 944
51 616
683 740
188 222
596 195
83 496
945 509
763 594
900 578
547 494
909 235
782 587
452 874
326 839
519 620
991 947
831 814
689 833
157 683
824 984
287 56
936 596
385 32
314 902
101 478
410 405
603 564
806 493
713 212
70 459
733 137
615 165
570 294
459 146
158 969
159 272
471 2
349 930
797 880
263 374
447 21
177 753
203 625
483 449
621 603
108 946
72 360
256 383
76 336
973 222
521 421
317 331
341 852
695 561
739 609
730 100
786 978
330 598
348 60
691 627
551 39
476 835
203 189
892 295
234 969
454 782
751 748
304 931
138 691
752 289
588 959
40 893
402 380
61 25
283 907
503 612
394 1000
434 173
342 546
435 252
807 620
611 119
153 563
904 853
390 832
190 630
430 449
126 624
571 709
329 210
827 575
624 503
961 821
175 375
123 558
298 341
455 503
340 293
269 863
7 606
980 245
971 163
291 72
440 782
595 406
972 248
896 513
845 610
242 569
956 477
559 672
945 84
116 145
483 654
284 933
671 75
250 859
681 995
902 277
462 300
522 510
604 237
660 303
319 242
983 75
17 832
241 418
350 732
467 992
564 562
489 684
784 461
533 505
57 48
593 38
73 58
260 371
99 685
6 395
26 661
211 827
163 700
955 712
579 228
891 310
428 712
990 974
17 755
310 684
167 365
99 395
250 940
658 380
570 592
330 733
203 89
522 735
947 870
394 682
751 512
493 784
278 452
80 443
282 907
14 894
446 670
620 317
213 241
300 407
271 465
187 538
761 497
498 761
636 951
480 697
494 502
86 510
47 495
669 639
572 286
168 76
151 413
644 770
738 229
810 534
831 896
957 325
460 867
905 762
249 912
31 840
162 553
70 230
629 125
131 894
107 367
386 336
667 961
461 829
374 778
305 273
827 116
881 963
37 827
975 677
462 264
829 825
533 59
149 322
578 980
280 143
390 180
163 634
901 712
573 955
760 670
483 281
46 805
730 826
660 33
275 5
955 615
229 886
213 337
714 244
522 913
996 40
899 713
39 330
523 285
797 186
1000 314
32 508
915 435
321 389
791 604
4 114
920 539
501 360
122 895
753 55
544 502
874 773
875 484
197 384
450 553
514 722
882 740
407 53
856 439
585 607
758 206
164 350
938 677
633 843
155 181
563 48
58 936
645 570
418 560
405 310
478 404
463 480
395 832
477 196
685 287
334 375
317 635
301 22
33 984
325 400
917 316
295 632
405 8
248 99
29 674
898 155
962 838
409 894
840 182
927 281
387 787
379 553
707 387
65 762
787 729
428 672
485 141
17 895
293 986
20 6
3 848
668 698
280 235
389 439
64 834
547 879
622 433
829 873
501 776
309 573
891 400
46 833
531 739
329 927
863 606
21 525
27 443
997 260
54 335
51 582
108 798
700 873
458 588
891 10
968 666
811 64
905 11
122 945
431 275
307 865
865 799
26 699
688 612
1000 278
870 246
900 231
259 275
743 875
174 610
856 373
138 668
431 113
507 983
65 497
728 303
17 118
956 775
408 789
425 985
64 183
248 596
620 404
438 625
26 383
869 879
307 172
444 177
822 922
453 45
386 246
832 938
390 534
359 183
932 93
92 274
205 360
97 396
799 271
162 704
14 865
242 530
685 148
135 247
909 972
549 421
698 865
1 247
405 157
672 848
819 995
414 453
879 275
681 902
522 386
176 202
345 709
950 58
506 944
507 361
327 578
594 387
388 966
542 227
771 525
15 353
56 878
699 964
42 321
849 87
741 65
264 859
836 192
765 347
897 505
699 565
4 645
929 600
228 942
916 933
514 678
916 306
169 979
726 217
929 953
490 785
342 214
553 629
56 59
420 548
631 212
725 287
658 424
702 33
557 866
801 464
142 216
271 508
118 43
669 729
528 979
321 843
361 806
574 510
120 571
948 391
986 766
736 983
143 935
740 545
500 270
597 920
447 769
781 225
842 17
588 749
574 424
26 194
870 963
407 835
931 861
235 184
383 320
865 193
684 899
249 868
515 171
558 15
542 752
101 608
836 981
874 160
710 344
220 82
793 958
741 592
19 612
818 475
418 973
681 593
152 161
335 944
266 233
983 868
729 893
125 92
988 990
326 733
168 715
851 462
564 797
160 747
773 392
287 706
749 729
897 138
935 342
708 92
788 84
972 729
333 401
389 399
777 710
581 635
536 20
555 336
702 385
263 635
833 616
682 853
816 659
755 181
52 109
329 800
990 559
958 890
949 266
938 29
256 300
958 472
173 768
144 522
967 154
610 869
518 672
631 41
65 8
50 348
268 747
285 515
334 751
308 676
231 6
885 997
593 626
296 820
151 190
635 411
763 334
184 862
250 119
469 471
409 436
813 603
463 30
545 608
951 580
330 158
487 387
409 293
336 878
830 722
597 813
433 232
72 952
862 323
477 255
741 914
671 891
49 472
379 945
515 135
737 43
700 153
3 443
336 908
82 160
745 480
852 332
374 920
379 814
125 286
607 698
206 595
278 722
228 1000
615 236
618 16
159 346
785 671
811 923
59 862
565 600
221 157
917 219
295 155
716 478
633 197
30 742
190 262
372 685
284 735
401 541
937 739
313 185
178 713
360 252
270 265
844 150
699 411
794 859
428 685
300 641
52 65
535 884
683 161
846 623
265 280
587 333
679 181
772 489
789 304
518 765
631 156
852 607
869 519
374 239
990 805
125 754
395 647
123 282
880 447
45 571
514 226
13 221
142 259
718 802
761 381
979 434
726 717
28 850
736 589
455 601
115 696
994 141
446 868
361 327
936 46
754 781
653 111
140 6
269 870
145 664
658 598
110 735
162 377
185 516
883 752
560 861
241 813
775 834
832 668
183 301
999 288
805 743
404 64
816 128
102 941
361 229
376 26
881 224
917 142
898 286
48 489
592 349
401 735
328 841
737 499
404 422
410 435
854 682
520 997
72 334
95 594
121 903
772 536
375 544
152 341
209 356
32 315
468 567
518 447
673 38
527 391
416 73
476 889
731 930
76 99
648 868
781 568
654 62
808 618
769 996
847 779
895 575
459 843
248 742
209 800
909 293
217 301
131 253
165 979
27 60
681 47
4 260
44 729
316 22
101 792
303 776
588 803
895 226
678 332
131 923
120 766
986 374
212 214
875 126
487 108
331 704
25 301
481 179
120 877
693 998
361 645
1 468
440 884
476 114
166 786
822 677
320 739
590 641
270 217
393 531
11 940
818 308
12 323
395 77
969 160
163 249
1 246
639 368
923 229
880 724
367 494
684 476
868 513
653 948
621 823
324 467
915 592
592 579
826 165
63 886
10 78
929 380
237 959
807 375
479 902
831 381
156 427
284 656
693 380
903 721
294 281
612 364
371 694
281 674
780 700
967 514
551 195
219 378
826 462
204 494
681 97
764 22
161 421
218 190
216 703
919 748
2 195
427 422
104 313
359 931
252 337
968 642
331 66
920 549
601 864
928 240
692 73
498 168
754 318
437 626
627 435
563 476
194 329
162 992
35 727
752 291
182 922
420 795
458 210
960 304
464 975
461 633
529 301
674 718
70 847
736 791
264 502
886 815
657 129
107 214
363 96
443 840
827 560
176 589
853 269
715 747
879 781
493 356
771 22
990 174
575 335
196 663
88 312
438 892
442 371
527 738
306 290
658 527
572 969
667 999
524 932
871 484
280 872
44 257
608 655
319 393
410 503
590 780
846 442
205 274
884 152
615 344
708 462
485 115
345 544
825 750
864 836
82 257
46 924
987 526
732 331
347 239
336 124
664 74
26 943
450 31
329 854
367 921
219 326
699 592
945 243
229 522
717 844
967 772
308 391
809 766
773 8
421 224
391 48
235 714
517 70
151 840
285 514
342 989
570 688
809 920
847 624
740 736
840 994
737 622
294 675
425 784
762 702
852 137
9 593
50 447
268 458
514 494
466 335
139 639
658 849
110 998
734 252
257 1000
818 11
87 409
61 511
45 922
308 302
858 927
947 450
895 408
823 175
884 943
598 825
620 929
399 724
918 176
387 936
281 173
729 815
987 479
367 433
354 976
854 941
671 41
328 991
275 696
612 631
43 308
427 917
393 773
258 937
727 247
96 585
778 3
617 249
843 619
792 155
80 93
125 112
731 414
750 430
704 982
247 112
69 880
730 90
226 98
274 196
368 311
705 872
467 589
160 35
622 983
489 825
441 177
611 322
26 724
173 867
670 457
428 972
527 64
715 224
972 273
648 167
298 480
155 105
106 681
469 377
100 548
112 10
868 667
796 150
411 176
587 59
627 778
82 286
610 107
648 722
995 703
136 584
140 176
417 797
491 140
457 465
261 900
904 589
796 555
102 358
653 110
807 561
549 173
954 479
292 218
405 421
318 862
508 568
70 339
219 951
240 618
242 401
335 272
372 95
837 499
768 518
805 533
292 952
976 665
542 600
715 443
396 590
842 490
861 286
2 290
703 559
315 358
104 755
216 973
694 166
517 663
793 151
543 455
702 636
423 69
445 525
82 713
862 974
146 682
403 233
777 788
33 100
755 323
320 712
981 653
730 911
17 552
846 985
170 70
127 4
979 71
171 109
958 6
134 580
156 4
198 395
265 224
83 953
799 919
66 825
599 385
431 115
161 619
166 196
353 451
616 343
411 239
912 584
325 941
145 63
40 787
982 725
736 763
239 792
399 844
149 512
724 404
965 878
149 625
60 44
338 330
382 210
520 970
481 178
778 430
182 362
755 596
53 151
267 424
984 646
470 657
253 799
605 42
737 82
610 330
451 292
824 842
89 855
715 903
440 595
478 803
7 59
818 226
676 826
384 106
718 149
286 404
423 267
153 291
745 217
928 855
285 294
766 161
881 905
879 386
77 132
410 266
872 724
979 600
998 276
967 735
968 199
509 825
597 501
86 813
696 721
694 940
647 8
111 202
497 226
336 32
228 22
690 831
930 270
634 411
186 551
578 396
332 52
264 812
450 939
233 585
968 564
57 251
294 248
942 820
815 558
179 264
548 903
863 342
374 165
855 942
199 74
15 145
868 267
798 602
400 457
23 993
972 345
614 958
501 223
305 588
669 953
26 302
734 118
936 457
755 665
683 692
248 481
841 332
823 420
145 325
787 626
918 472
666 353
27 825
691 206
487 403
179 994
849 698
222 964
814 8
597 760
193 706
847 994
767 827
51 422
742 286
210 903
528 32
434 639
970 669
419 145
405 78
294 234
968 438
436 628
755 846
628 448
738 559
457 947
334 79
467 494
791 121
177 304
417 257
263 198
251 556
968 148
845 210
137 275
643 403
345 592
73 961
593 138
846 196
214 370
237 819
293 609
129 960
304 796
82 544
977 347
111 351
337 758
303 425
162 12
591 854
705 643
759 496
942 848
798 643
947 762
160 24
109 27
40 574
459 52
597 729
359 599
161 674
145 229
787 210
476 721
247 942
175 65
378 63
450 704
967 37
915 374
536 577
982 679
925 593
416 719
291 557
109 974
773 653
44 787
740 624
31 535
107 181
398 578
793 604
176 618
486 779
32 526
287 334
309 770
295 883
297 510
357 566
158 569
305 987
785 337
308 794
40 408
904 545
652 135
28 745
729 524
69 19
680 200
576 489
115 586
675 463
489 160
438 123
392 799
817 34
945 117
687 125
710 695
489 49
396 683
36 386
111 846
521 583
318 620
525 706
162 488
55 279
560 155
816 117
157 291
627 149
264 567
483 397
182 639
985 979
732 296
863 982
46 808
530 737
752 849
271 973
661 341
81 299
268 837
579 197
263 750
674 819
548 840
844 231
493 975
574 968
851 921
105 735
531 23
695 792
809 729
940 286
632 808
544 410
160 403
605 895
74 761
934 67
773 975
942 590
853 113
44 571
308 698
2 509
900 454
922 698
579 513
529 500
350 953
861 951
257 553
66 392
614 721
425 883
979 436
430 508
382 789
991 677
649 572
409 130
676 323
36 994
164 63
628 580
865 158
991 714
5 809
724 87
555 669
533 567
476 104
280 643
409 33
376 44
505 648
513 427
969 57
328 143
456 452
598 858
513 452
268 774
954 318
721 601
580 276
393 582
924 775
259 630
557 4
794 342
945 994
306 860
441 195
854 569
566 109
732 413
20 1
43 160
138 244
693 358
608 258
916 59
958 858
635 571
608 497
938 302
497 86
498 233
801 126
195 283
33 212
694 739
329 877
593 508
521 367
388 146
742 735
726 176
801 239
514 992
790 861
848 206
886 906
160 495
501 472
542 326
691 648
951 744
505 608
229 730
782 96
291 647
372 976
661 813
900 43
669 754
193 185
636 907
412 349
368 664
28 365
123 681
591 46
460 704
464 771
395 899
288 561
342 740
452 711
16 879
93 211
444 291
638 465
257 517
888 372
391 245
474 605
77 464
171 535
45 114
284 814
174 366
694 353
704 412
605 90
589 629
127 650
422 868
957 989
211 743
598 977
890 341
253 96
272 545
349 525
777 708
456 838
963 273
693 600
206 985
386 689
972 688
388 961
376 627
968 855
660 117
76 332
100 90
802 450
523 772
623 110
702 379
25 683
800 143
621 377
697 89
312 57
872 145
929 958
90 370
535 958
4 934
795 981
743 827
673 433
303 234
144 545
1000 644
393 506
714 926
311 572
312 646
277 892
994 510
886 176
252 928
74 384
592 461
424 111
245 217
905 480
763 276
126 567
142 505
901 580
563 125
781 30
140 234
53 739
168 227
921 427
995 758
70 254
326 788
588 639
844 977
205 605
406 156
652 156
234 46
782 555
325 452
951 432
468 129
315 82
210 900
466 26
893 641
641 710
254 69
924 378
185 578
352 221
794 492
637 668
34 297
417 407
740 520
112 765
77 325
298 626
120 216
12 496
608 125
510 397
45 376
546 319
675 129
125 202
91 454
976 896
996 323
320 798
158 184
272 811
846 805
963 36
299 2
318 290
873 169
161 101
513 968
399 253
647 381
206 727
688 370
411 765
811 124
830 296
318 28
603 254
894 979
848 7
132 192
388 106
986 157
860 886
807 857
973 433
924 219
999 689
715 198
790 756
14 454
353 266
736 693
192 904
302 317
660 982
17 51
992 687
942 269
834 490
362 507
1 711
737 733
476 359
594 702
352 701
753 345
482 816
88 359
606 41
787 657
572 137
13 489
490 470
418 667
435 619
247 436
331 650
296 816
712 619
197 237
201 234
295 592
940 651
499 461
82 159
374 927
987 416
680 344
55 112
662 216
955 78
828 304
713 144
693 975
951 186
223 771
849 464
55 278
348 284
388 635
618 430
360 434
747 590
750 739
353 919
171 394
501 911
449 748
959 203
983 107
489 739
835 48
708 969
929 171
366 458
542 73
141 828
234 407
640 313
772 694
976 25
726 231
541 111
281 777
467 734
527 428
674 816
26 675
868 238
167 594
531 22
931 935
402 158
829 261
463 571
230 786
284 158
412 459
315 423
415 932
951 790
971 124
757 547
961 38
959 535
51 42
257 703
390 893
338 578
763 367
784 680
378 963
917 900
278 706
520 242
188 64
652 503
691 107
142 34
718 848
279 232
136 586
50 48
343 917
514 355
438 907
719 302
390 558
819 380
912 42
375 673
22 37
709 405
824 961
876 394
469 812
438 213
888 456
941 194
64 666
435 869
148 362
278 765
745 338
978 883
175 879
336 649
31 364
414 124
896 235
163 828
592 602
918 956
789 818
518 144
842 894
538 626
812 373
30 151
453 973
95 748
740 151
632 504
835 189
229 918
178 744
677 642
623 186
138 438
902 797
192 564
265 424
640 300
532 362
613 625
895 510
735 178
706 84
657 888
485 815
677 373
754 360
924 434
186 914
485 944
986 631
523 876
112 40
593 959
631 899
335 326
597 31
264 477
1000 583
434 21
400 141
917 920
594 759
297 283
62 533
528 649
45 830
541 729
1000 869
50 212
732 536
297 505
577 749
634 502
997 29
213 745
89 955
707 731
942 150
265 954
766 378
443 237
488 914
395 78
325 257
100 688
883 299
629 851
870 103
712 897
713 168
663 558
923 837
564 773
67 487
910 809
362 681
346 306
807 483
243 166
595 829
617 917
245 892
780 559
824 537
492 767
458 827
918 715
578 536
531 658
759 712
374 329
994 132
17 633
631 434
912 186
366 18
928 277
950 429
804 376
920 697
99 402
47 914
428 880
843 466
196 582
493 918
242 406
243 659
71 121
576 549
59 573
708 734
913 242
271 504
610 860
116 602
571 929
100 622
584 851
269 231
867 444
616 452
822 856
605 584
625 266
109 633
370 955
465 917
482 813
122 260
729 276
197 81
59 285
723 882
779 516
122 375
213 540
35 276
408 435
650 158
982 832
733 454
715 583
6 550
227 801
61 652
158 765
676 122
280 875
962 795
580 478
55 804
306 515
684 578
954 247
846 441
719 949
152 165
871 862
306 658
475 9
710 913
557 75
188 658
543 8
530 985
604 234
642 971
555 438
457 663
955 368
842 233
587 793
443 331
332 884
519 160
812 430
662 84
377 869
284 759
637 223
403 265
61 515
873 825
216 596
275 93
48 609
751 809
60 588
811 396
958 77
373 563
834 39
879 588
32 469
217 991
513 538
660 735
735 357
330 677
761 666
726 104
324 781
762 820
874 810
782 89
825 506
960 287
668 64
27 72
84 143
674 721
142 299
326 452
473 912
700 337
439 218
169 399
724 351
373 119
908 934
50 442
748 37
896 934
881 19
311 289
166 492
79 773
61 282
796 851
340 471
40 11
645 594
758 229
837 250
89 578
338 163
871 15
35 879
359 251
490 102
399 672
419 62
560 544
248 76
214 865
515 419
666 148
393 552
429 282
505 972
270 806
469 481
295 433
837 318
517 688
231 624
181 171
328 849
39 598
775 137
401 640
260 115
975 966
981 517
234 694
91 195
848 454
925 657
321 346
364 112
878 102
238 323
440 56
140 577
545 107
322 164
19 124
826 628
521 194
829 474
815 480
7 743
526 877
703 671
327 74
916 613
421 129
248 863
725 467
855 592
951 785
532 437
786 402
22 527
283 506
316 808
317 65
51 45
257 702
27 39
948 468
936 500
403 985
494 861
744 593
583 200
841 441
74 40
276 277
999 152
257 969
274 937
353 96
870 911
871 418
32 667
685 282
888 346
779 733
687 316
746 792
504 99
90 740
309 518
484 86
957 582
604 285
953 531
201 278
93 768
174 710
50 629
824 800
813 152
210 367
836 207
216 976
909 645
91 400
718 47
332 990
637 421
470 820
935 282
506 520
802 77
237 872
228 125
449 489
692 339
992 591
43 605
472 805
143 394
325 141
511 716
972 82
681 111
388 772
928 232
639 704
549 552
566 606
365 375
682 75
721 487
887 22
882 690
18 490
155 118
831 951
13 876
839 32
257 666
730 963
445 257
526 26
140 369
508 923
737 683
828 198
792 852
10 837
66 585
250 282
785 253
839 838
245 485
781 73
24 546
455 974
701 786
443 14
905 821
103 88
748 275
372 15
656 12
968 270
58 282
477 340
244 65
447 684
36 373
349 666
101 297
963 386
818 387
413 893
552 747
935 728
58 124
746 812
333 134
876 796
971 780
589 341
916 251
797 847
81 198
376 518
195 74
217 518
627 79
459 449
283 954
108 936
767 683
309 79
717 66
562 795
392 277
319 954
273 534
110 21
461 405
910 362
582 903
346 887
938 147
756 958
406 901
941 796
670 362
692 422
485 608
77 598
283 251
503 348
910 388
568 91
92 96
602 326
51 244
424 450
353 492
578 255
230 938
66 907
450 618
179 88
52 714
312 631
601 439
52 633
292 424
335 458
304 534
502 425
430 58
141 189
879 777
36 981
93 132
942 465
709 330
800 506
724 906
240 727
961 553
780 427
144 397
328 378
736 343
534 158
993 120
867 643
465 711
62 995
926 596
694 464
672 224
996 664
963 465
362 1000
950 249
720 714
811 549
258 703
723 433
617 854
582 404
965 276
751 263
883 183
104 718
505 785
859 942
134 52
318 337
484 185
895 963
916 14
115 383
741 31
834 659
228 166
411 590
48 260
513 974
218 124
327 690
574 753
955 390
742 955
467 855
786 929
513 895
226 562
315 879
844 254
657 549
551 449
737 14
896 253
930 610
761 522
354 176
193 246
835 547
112 902
291 577
864 848
397 37
558 513
744 743
781 350
766 868
326 453
424 684
826 917
688 926
374 465
896 935
752 33
956 955
504 966
191 906
804 359
149 694
461 580
577 315
183 923
745 602
83 31
582 71
748 347
737 46
149 904
386 298
443 167
267 501
35 17
864 407
385 98
993 245
45 184
263 1
837 428
784 296
180 929
860 67
674 500
904 817
850 41
577 871
63 980
121 547
712 986
214 432
181 313
737 377
495 89
975 675
281 467
319 143
546 321
91 36
276 210
725 813
357 425
345 433
459 393
224 626
793 418
67 220
52 296
698 358
368 589
665 663
924 996
844 311
329 886
125 812
367 998
445 824
774 28
855 781
215 658
199 233
827 958
80 383
977 903
997 460
378 380
439 396
553 688
40 541
467 574
450 688
240 196
882 655
442 768
244 660
869 445
981 41
179 99
202 128
203 345
991 384
758 437
725 52
627 782
866 106
874 545
412 538
17 174
844 565
593 883
407 785
705 574
657 478
165 719
157 815
305 964
362 255
492 198
257 889
476 107
666 471
376 47
28 712
16 128
568 941
20 712
718 483
228 683
120 52
84 727
126 78
755 666
595 197
375 693
841 837
44 424
55 455
868 618
261 580
546 498
505 856
203 765
366 795
775 95
525 628
432 781
513 20
747 235
869 17
101 103
873 214
479 830
750 479
953 63
361 287
152 346
636 450
195 284
755 500
782 325
765 659
714 647
198 636
271 192
38 213
729 690
172 260
616 189
808 623
570 530
688 745
202 627
51 155
382 715
807 752
978 818
155 73
563 372
191 671
87 862
92 932
199 896
735 82
424 118
687 927
654 204
92 603
184 534
454 481
476 297
338 326
782 430
641 989
214 972
16 697
365 988
371 291
447 606
48 867
324 171
443 239
541 355
907 156
581 77
653 368
267 61
395 64
737 199
385 170
421 828
23 600
63 927
127 635
607 782
276 436
168 725
413 894
851 312
998 185
417 234
769 349
204 926
759 932
207 521
203 630
129 847
543 308
836 450
52 369
634 909
73 954
203 967
664 115
385 534
377 824
789 709
43 943
105 634
159 861
308 57
937 591
494 292
886 634
743 935
963 767
731 331
554 448
848 173
151 946
873 526
477 787
863 495
296 383
612 173
49 921
526 213
284 192
18 916
181 632
718 992
853 54
503 637
754 541
39 971
286 888
487 169
202 43
476 414
849 924
575 622
580 772
265 791
783 637
689 260
888 693
288 719
867 565
858 900
183 475
144 398
579 693
457 857
611 568
172 308
743 47
922 819
309 637
883 408
223 923
205 700
654 663
350 745
208 511
179 755
125 86
163 873
663 588
703 611
206 905
63 768
447 417
894 693
293 779
720 489
666 723
556 135
797 363
29 769
52 422
105 350
521 633
834 656
671 487
12 672
398 377
536 26
956 86
332 197
919 30
711 587
110 54
204 15
61 626
815 601
506 291
432 642
911 42
921 476
133 150
299 690
673 481
414 641
199 621
117 572
887 40
66 202
198 471
143 370
660 584
333 20
503 464
179 6
307 125
527 628
924 500
123 741
137 510
666 687
939 657
118 952
156 669
508 988
154 490
598 481
642 327
734 225
320 268
357 562
443 17
130 2
576 126
134 504
233 397
487 256
884 948
850 260
905 989
448 528
694 445
422 848
943 491
120 136
618 139
585 450
641 606
825 563
328 117
310 37
516 880
556 325
651 219
944 431
104 668
261 794
54 62
521 699
314 155
633 447
390 28
266 6
858 476
159 465
396 901
366 239
438 264
684 48
82 734
247 297
930 195
716 752
399 4
962 336
946 877
736 278
324 581
401 416
113 926
241 161
369 116
96 684
742 315
816 693
78 671
778 753
731 691
345 108
900 172
647 913
355 135
907 812
639 703
490 994
306 599
200 952
660 748
1 774
956 890
903 797
246 94
70 904
553 482
936 502
894 881
230 706
668 183
615 757
84 899
127 477
559 402
858 973
748 297
55 233
469 696
632 832
480 111
118 351
652 167
435 761
499 426
101 418
672 988
332 762
610 898
741 658
961 113
270 778
90 516
680 454
58 102
975 273
337 229
907 81
400 516
96 268
864 57
216 833
983 155
986 365
756 127
528 913
885 693
63 169
263 411
128 196
488 117
342 368
237 870
502 586
985 604
158 262
380 146
630 886
901 422
11 43
288 127
217 891
15 40
971 430
574 793
706 177
561 658
427 944
602 78
274 37
402 110
132 155
226 874
290 79
998 824
910 430
790 704
106 179
609 363
38 271
952 847
915 325
783 378
445 287
339 772
144 886
914 262
240 975
611 208
153 968
1 672
52 534
516 357
793 536
44 614
324 711
619 218
526 314
287 258
970 896
46 95
418 734
984 10
667 785
771 879
24 78
580 485
211 378
193 795
291 434
148 265
370 425
480 361
814 834
230 133
537 95
423 262
114 957
861 981
512 363
585 363
401 812
772 821
877 405
377 846
319 87
730 842
747 664
967 619
203 966
111 209
518 115
243 457
232 86
933 696
509 448
777 132
925 4
433 974
450 932
125 614
643 879
494 293
248 955
284 35
30 715
161 296
146 60
852 558
429 683
680 631
610 1000
960 647
65 37
997 193
145 141
56 288
934 143
592 859
847 922
518 590
174 66
670 661
784 612
88 113
233 941
416 696
199 871
274 698
916 893
494 865
802 465
544 164
555 148
63 110
770 954
2 336
40 131
645 490
758 109
525 132
283 313
143 989
112 309
511 183
991 761
831 916
408 534
481 96
559 485
302 118
784 913
456 290
109 664
409 108
121 186
193 709
771 826
738 315
960 243
303 620
102 178
750 894
989 234
681 713
991 812
741 601
727 538
680 13
626 651
399 623
383 572
612 970
189 903
284 957
414 40
127 571
647 202
996 504
565 589
488 175
522 304
669 447
303 566
600 836
33 453
876 913
254 517
493 307
845 94
683 271
557 362
494 231
646 32
122 542
927 537
207 923
782 403
394 624
554 274
590 492
260 409
647 543
817 816
889 871
324 768
679 142
223 18
69 696
491 346
398 186
735 247
401 83
659 995
889 778
485 868
930 723
40 833
439 200
294 842
908 978
781 348
378 939
503 368
402 491
486 136
154 376
84 533
563 220
800 314
731 786
339 132
899 62
605 94
619 789
175 275
469 562
72 565
274 576
97 227
10 746
836 530
837 231
123 947
235 157
254 395
619 689
535 96
885 235
135 790
817 349
11 780
598 704
983 690
250 562
511 393
23 687
250 794
727 585
729 640
405 225
366 547
811 754
901 909
323 957
666 994
98 819
358 182
617 82
724 722
104 955
121 771
826 174
186 705
461 377
776 449
176 503
548 663
808 968
855 710
797 400
88 638
323 505
881 263
40 737
807 27
185 504
686 876
697 405
537 887
113 110
721 367
628 585
290 948
754 241
973 593
320 319
658 491
327 212
683 836
761 548
564 26
164 503
645 367
28 266
669 666
672 418
675 965
108 84
183 682
445 363
810 611
204 726
373 249
909 109
89 562
379 997
755 308
130 231
828 498
742 328
763 687
603 946
840 448
534 68
262 379
780 252
875 838
894 363
665 132
741 657
888 59
39 929
230 158
188 125
876 676
36 419
849 304
449 930
286 47
859 891
91 405
167 792
154 677
543 461
730 708
600 828
506 646
385 223
894 525
308 176
256 283
578 722
65 909
431 682
713 861
473 480
146 326
743 957
742 720
378 303
434 461
17 691
863 356
354 276
445 203
854 105
394 667
161 764
734 723
306 277
943 301
636 785
985 31
397 441
395 778
189 55
340 197
828 7
756 548
193 301
321 784
503 520
490 761
53 713
222 176
667 69
351 980
762 77
172 629
681 417
376 367
908 248
549 250
516 501
361 686
226 394
582 114
961 636
168 298
779 762
806 508
314 911
611 623
814 976
889 221
598 891
819 634
76 645
637 756
868 276
954 78
920 338
388 680
711 946
234 344
567 398
920 193
519 43
8 923
870 325
267 874
881 540
40 661
648 715
186 278
812 454
873 176
746 334
530 659
33 425
472 854
350 632
404 304
145 318
907 683
746 465
413 446
533 349
366 390
389 181
191 249
484 885
216 491
52 145
695 697
337 541
787 79
57 878
865 804
943 336
530 343
951 805
350 180
668 201
352 203
65 36
711 165
425 940
118 35
981 239
969 559
441 208
184 581
810 281
369 639
979 386
66 569
839 150
92 569
865 511
114 781
620 7
508 809
477 591
383 507
852 82
447 926
728 928
691 212
88 319
714 95
54 532
934 584
24 551
740 783
637 949
174 173
408 890
490 14
71 735
455 828
407 569
641 729
258 267
956 470
650 537
229 308
716 778
1 43
789 178
2 772
885 473
101 330
48 74
840 246
309 285
71 914
609 303
977 323
595 876
478 912
889 527
360 347
197 584
493 417
220 767
774 200
189 872
120 443
48 424
109 860
215 52
785 981
817 452
916 902
656 582
669 767
589 88
16 998
846 889
171 67
834 769
82 538
147 42
833 479
685 598
65 885
708 905
804 602
610 683
20 395
350 886
422 35
706 246
815 456
928 164
610 538
277 953
204 239
901 159
316 913
43 683
887 42
247 139
809 880
296 349
832 447
333 862
796 26
286 971
316 172
387 55
118 15
799 762
156 872
250 127
105 912
658 166
970 148
520 54
934 827
67 466
335 314
805 632
472 348
257 711
912 703
903 729
740 973
689 597
67 841
339 940
13 403
567 620
434 99
823 390
940 610
957 348
939 945
367 118
158 547
468 383
70 223
770 161
897 837
634 217
249 776
530 854
721 631
205 350
957 943
928 951
943 748
196 39
345 875
716 814
77 356
498 315
82 442
687 97
285 375
772 895
24 511
371 936
625 261
512 340
462 189
56 976
536 346
111 42
722 381
542 144
390 173
711 779
161 171
234 547
197 701
682 543
543 270
4 542
110 97
501 684
797 111
564 398
285 187
551 128
664 476
907 576
657 629
878 469
146 498
644 373
755 394
9 954
928 192
217 63
170 399
557 785
193 38
52 258
216 193
507 962
951 877
494 572
208 613
493 104
532 544
683 980
596 467
409 495
541 430
563 138
326 36
745 904
209 990
247 546
430 6
197 281
92 737
383 34
849 986
496 654
867 401
120 746
227 526
447 833
302 60
714 4
289 174
921 358
79 906
680 63
69 96
624 281
554 370
93 122
831 828
627 344
652 161
358 70
683 26
534 69
974 780
45 8
874 224
1 226
590 523
496 842
728 549
875 726
626 720
71 965
902 315
929 511
695 144
552 642
34 76
732 411
882 264
871 38
902 101
284 644
280 759
197 657
272 872
94 759
510 680
594 295
480 907
707 92
265 241
266 282
158 260
531 746
800 872
25 721
869 496
928 270
129 691
266 394
995 294
501 561
82 514
658 298
843 874
683 133
441 754
207 707
299 764
929 773
198 386
952 226
455 64
369 880
132 20
795 892
354 132
891 983
677 368
71 33
454 171
381 905
238 626
763 145
467 332
341 363
938 767
723 639
34 496
107 226
168 126
683 577
334 527
10 833
727 972
874 512
986 658
40 56
19 262
896 785
533 740
550 642
784 966
732 900
185 703
511 499
774 673
900 996
23 887
923 397
323 713
395 244
415 249
48 188
847 26
617 749
139 235
418 958
982 265
793 818
634 580
871 817
950 128
901 964
888 199
176 102
985 883
270 653
676 688
916 135
538 689
934 108
871 535
397 472
310 781
494 94
707 171
160 934
103 766
506 798
111 211
204 407
668 518
835 15
87 330
328 587
493 111
369 417
446 63
639 898
655 169
621 834
697 99
401 366
57 264
100 166
108 45
115 62
778 695
433 686
490 937
291 728
41 417
313 580
425 2
555 604
890 342
598 143
711 164
968 145
472 35
145 131
860 910
511 962
682 442
350 68
919 137
652 598
247 959
583 110
776 138
530 79
84 231
445 849
89 261
382 964
311 472
101 804
528 746
965 843
692 917
469 540
929 359
606 55
143 991
383 506
791 67
297 395
100 126
923 331
11 661
265 869
126 344
771 175
59 129
822 750
917 266
297 677
676 103
490 158
591 84
171 617
922 291
262 320
101 504
671 940
158 881
110 526
315 310
779 455
27 356
853 826
965 272
414 46
367 10
362 636
388 653
266 97
432 889
147 360
116 953
735 811
391 667
233 867
492 728
618 342
953 11
458 683
539 846
556 928
527 976
190 226
630 978
939 185
426 28
587 715
483 82
450 825
294 263
623 366
181 647
539 541
721 402
649 77
562 918
939 62
35 874
36 561
398 705
990 822
207 148
647 831
444 362
619 600
602 294
531 222
329 410
520 77
666 337
282 419
705 87
138 787
725 28
820 256
715 474
147 598
501 45
800 316
729 202
108 129
348 688
721 167
300 563
1000 787
287 311
948 531
54 582
93 228
629 466
442 428
685 416
300 962
378 762
469 673
127 901
361 325
54 864
383 764
274 864
775 704
82 153
768 562
145 981
2 886
835 142
496 815
371 141
297 786
763 995
654 886
548 221
20 790
538 983
354 1000
336 675
489 459
203 725
935 668
269 674
370 382
730 750
937 968
349 992
762 556
280 153
319 24
105 132
586 187
436 996
39 137
276 845
545 2
216 646
303 374
272 924
50 822
333 317
617 370
47 627
569 503
52 552
19 18
493 55
60 766
170 106
69 888
712 489
713 816
679 223
80 371
557 767
239 185
934 491
437 513
792 560
955 972
631 151
356 599
817 931
303 168
82 693
352 898
169 204
44 968
264 344
657 807
930 757
38 286
919 355
754 459
66 975
805 72
329 263
703 284
829 82
62 611
566 947
36 922
199 702
40 93
439 335
174 8
505 439
586 456
948 759
642 294
62 861
600 164
840 627
514 236
111 548
93 121
849 763
405 429
244 251
872 804
210 951
228 458
286 480
271 416
794 447
334 492
720 775
900 807
261 575
614 231
262 264
818 408
914 903
510 380
522 404
558 302
372 325
292 512
669 781
555 612
938 904
8 993
232 508
180 679
698 36
722 350
246 928
180 342
4 516
242 59
336 60
9 362
47 678
945 598
436 111
128 296
147 244
111 303
313 220
281 894
615 305
520 67
347 461
428 157
606 349
232 294
360 623
847 877
773 10
557 739
942 915
179 421
743 669
579 964
429 725
938 652
460 587
865 759
26 419
961 4
230 899
875 44
469 293
252 923
239 947
657 156
363 127
349 160
60 181
903 659
76 388
505 482
303 787
19 712
866 778
757 212
563 903
985 921
550 643
537 736
32 871
226 399
139 268
547 411
838 142
567 964
662 957
560 542
855 402
292 885
772 985
224 3
469 955
112 712
3 523
404 325
896 264
326 82
250 842
141 681
516 166
519 404
557 97
966 212
50 741
489 387
128 103
167 830
578 995
836 447
985 995
626 983
110 316
846 240
759 593
869 49
319 80
964 283
149 614
199 510
91 145
479 798
890 659
742 912
156 467
103 846
888 640
553 833
313 248
81 372
90 139
482 368
959 230
963 739
782 293
15 190
146 59
844 38
521 29
49 780
393 402
947 791
325 599
593 16
289 217
169 251
156 919
752 348
92 789
165 79
826 779
667 261
977 749
652 599
140 387
285 678
147 573
377 90
527 934
952 588
455 651
204 649
795 22
800 384
166 597
979 226
118 882
780 465
799 439
415 446
163 682
221 123
984 763
892 988
417 590
664 761
969 82
885 133
851 13
681 718
195 758
104 533
157 565
598 901
822 265
662 166
617 857
618 34
414 47
822 440
271 674
297 621
924 205
665 499
335 555
160 741
90 874
107 952
200 230
21 926
464 171
617 123
817 361
980 803
33 983
683 256
372 595
727 91
379 201
911 272
454 677
551 777
354 521
701 689
375 189
655 799
103 882
758 898
293 762
590 320
332 80
936 587
372 881
247 103
358 772
648 854
354 363
264 95
564 202
857 320
658 371
330 704
535 578
230 873
377 683
944 367
434 354
75 28
230 12
17 411
38 499
296 238
160 72
909 356
657 203
964 977
126 520
731 998
790 489
829 77
529 401
213 984
880 107
697 939
420 6
296 12
80 867
724 468
248 261
139 630
639 219
272 21
918 508
26 44
980 173
568 551
842 138
182 443
936 203
222 936
10 632
183 245
132 851
197 214
571 329
607 543
754 961
923 628
836 819
214 891
895 272
552 394
550 949
564 933
103 381
487 738
146 778
677 334
954 149
137 597
944 419
484 356
233 60
58 319
572 699
684 413
299 185
817 260
525 587
536 348
241 490
354 715
137 311
354 911
712 189
495 314
150 867
707 98
397 974
470 12
988 585
845 464
369 415
17 571
878 104
455 233
458 607
129 597
348 256
270 134
697 410
237 49
699 740
132 163
155 322
742 698
964 640
270 49
150 522
311 863
312 871
422 220
198 311
695 897
95 181
740 318
522 585
925 668
602 315
584 770
844 332
170 687
725 63
709 602
829 81
761 267
465 838
134 925
629 260
114 851
463 68
897 610
454 265
917 623
679 832
343 58
45 868
407 669
11 732
638 445
933 54
54 722
239 594
455 881
895 423
595 91
281 231
549 438
932 258
590 802
721 593
577 981
962 861
475 985
194 755
590 845
457 631
367 476
993 901
902 313
392 690
276 12
232 320
616 595
381 353
721 964
223 514
906 22
500 593
950 375
879 87
575 64
427 150
587 948
513 777
937 709
186 595
337 677
378 443
546 41
949 438
381 564
717 186
616 19
337 566
321 169
782 334
179 311
611 280
920 521
407 287
669 936
797 147
247 220
32 19
363 451
180 139
352 816
976 282
603 31
501 337
366 454
947 939
696 233
258 87
290 838
773 811
939 575
999 583
914 243
293 246
494 841
754 823
801 406
108 556
749 301
967 378
58 992
115 753
648 426
776 383
390 995
784 794
549 22
461 493
459 560
226 285
745 763
912 254
415 453
804 510
478 639
597 747
525 126
794 97
232 736
849 659
827 235
244 79
46 317
519 262
593 473
262 245
104 585
656 288
573 677
152 255
119 659
465 8
581 874
81 524
570 413
954 60
725 895
752 947
417 94
223 614
318 270
557 404
964 260
255 849
842 888
38 953
274 198
719 530
850 671
457 894
281 680
636 396
600 906
419 790
792 220
575 243
319 817
661 518
740 1
112 586
963 738
88 680
342 237
203 169
367 650
302 520
124 946
852 554
49 771
835 444
564 102
715 210
619 692
674 597
732 255
79 520
600 463
106 726
217 279
400 337
493 578
129 460
674 960
631 892
361 956
287 460
549 953
161 872
754 617
878 352
411 480
309 821
993 400
611 833
335 65
607 756
100 987
487 394
919 422
558 171
889 208
482 518
138 286
819 701
54 666
770 75
168 265
645 793
408 312
504 417
909 916
34 462
914 810
828 292
187 148
25 49
925 753
124 585
954 254
992 37
99 797
922 336
157 421
419 502
8 811
206 914
478 919
707 875
301 902
323 82
784 480
367 133
224 765
272 803
592 680
672 59
612 699
636 289
543 279
637 216
195 445
819 188
346 51
955 599
78 490
797 392
686 364
484 901
178 728
566 335
513 881
808 895
186 460
794 842
320 521
691 428
910 328
930 410
414 635
638 176
274 214
402 35
846 542
226 703
105 991
962 107
531 2
721 400
99 4
616 250
725 312
781 630
32 91
472 146
975 683
421 103
539 396
903 935
192 912
292 276
790 639
645 296
939 519
835 694
268 365
713 968
880 29
493 550
683 634
80 725
154 324
785 46
142 477
2 304
821 583
442 571
356 680
257 998
267 895
516 102
326 872
419 86
628 664
387 756
905 887
71 700
3 420
9 481
561 370
677 919
999 416
235 447
573 523
686 218
67 646
177 506
450 341
935 521
498 310
832 570
391 987
474 319
662 306
461 19
872 646
779 114
200 259
552 568
955 405
417 6
695 431
114 200
993 715
363 811
395 988
313 198
260 347
998 567
730 945
52 165
180 402
109 468
223 348
617 257
48 516
750 39
475 583
526 884
652 826
662 312
446 727
322 321
674 554
416 774
933 815
271 392
540 967
781 491
729 10
285 764
541 655
752 357
827 661
574 162
961 175
207 980
235 974
93 292
809 115
316 5
373 84
265 961
286 693
468 184
887 1000
438 528
40 95
973 913
953 779
247 684
503 838
503 73
897 609
861 848
809 301
168 163
336 837
244 854
763 562
608 753
515 95
864 363
81 535
82 232
532 569
106 226
527 364
179 594
736 277
720 874
165 555
791 363
120 58
893 833
197 31
605 77
590 803
295 509
67 354
692 9
452 168
935 557
771 532
940 901
599 640
450 409
250 935
345 757
21 462
974 92
154 673
531 529
414 247
586 620
723 187
959 409
569 311
110 145
974 382
537 437
821 457
772 994
365 249
574 691
85 334
720 8
159 871
643 886
91 853
184 113
94 532
259 609
527 392
511 757
60 627
119 16
545 249
929 794
624 670
797 140
90 193
167 446
635 126
528 852
156 909
708 738
692 239
765 911
807 750
76 844
848 997
686 156
28 247
360 671
434 186
308 615
166 333
944 883
269 76
143 599
260 913
64 50
282 233
47 427
179 557
900 171
314 710
369 689
275 657
533 737
1 432
473 755
425 624
559 445
254 455
736 322
296 739
850 310
500 67
49 29
897 879
519 752
369 508
832 836
617 722
489 103
348 190
646 765
44 167
266 250
381 449
637 352
528 220
152 192
245 979
121 733
837 767
620 641
768 794
916 130
112 936
793 377
958 541
196 10
251 651
548 501
60 388
492 759
367 209
885 660
48 287
702 801
438 192
551 594
302 771
907 687
143 209
290 679
385 665
226 553
906 365
892 86
450 929
214 78
716 388
240 469
536 802
24 493
189 260
564 240
522 812
743 818
579 789
52 947
131 215
754 309
246 505
856 349
543 775
730 314
680 523
53 535
868 396
743 528
763 190
451 912
268 330
749 383
640 989
291 571
273 228
740 582
409 420
83 701
815 116
891 722
123 588
109 972
930 938
239 838
934 866
557 106
131 191
167 538
57 721
948 570
606 58
532 825
222 803
188 247
389 279
847 421
334 264
428 465
211 63
802 742
236 538
477 256
800 602
124 987
361 511
343 699
269 564
793 906
723 457
651 292
104 535
653 398
751 415
945 711
82 466
708 418
855 333
958 686
281 569
277 625
172 886
829 163
345 606
74 81
630 913
726 420
425 895
760 766
372 716
191 136
359 794
408 549
54 400
38 821
935 57
919 660
481 904
560 309
706 522
494 458
132 201
959 772
172 698
377 568
777 825
270 91
75 385
185 120
841 305
714 552
127 509
535 586
871 355
757 598
661 659
260 164
568 493
273 55
610 888
772 31
352 616
369 910
151 178
777 359
763 346
969 495
826 924
226 224
488 701
36 865
966 56
226 339
687 194
853 310
196 623
468 276
783 607
823 386
53 958
221 44
6 728
410 141
103 8
748 451
589 833
365 781
629 64
331 645
405 406
743 248
410 316
309 554
407 601
379 826
361 475
491 584
19 36
392 777
210 240
90 554
896 361
144 403
314 50
833 962
975 315
814 895
742 987
346 883
641 475
347 38
220 296
849 344
889 559
690 520
267 857
585 294
306 769
309 494
55 670
461 227
73 470
760 339
927 986
487 851
471 334
110 250
129 905
394 512
918 651
462 567
214 148
716 750
369 413
665 664
11 837
617 375
66 407
621 679
968 999
143 9
916 271
494 375
516 573
338 902
453 312
913 400
445 375
494 593
203 570
29 468
320 404
142 104
520 413
919 271
425 95
325 958
400 267
311 639
166 294
639 411
141 28
496 208
17 22
218 689
611 186
832 189
795 35
583 192
109 569
644 745
277 413
903 569
409 269
876 221
552 187
564 991
131 824
944 517
980 195
818 34
885 491
6 599
797 888
323 721
676 43
201 141
148 396
903 364
446 711
227 865
581 82
951 96
974 515
813 127
45 149
548 252
930 656
275 624
438 460
132 815
719 885
157 364
930 336
129 203
276 14
371 904
465 179
290 446
328 885
149 361
595 921
246 935
409 532
379 258
786 574
492 547
78 432
116 611
686 359
854 273
877 656
128 299
935 112
756 563
369 534
801 116
506 754
291 116
682 753
388 132
321 175
748 530
215 591
130 975
32 21
329 629
179 471
845 725
725 96
340 194
877 357
847 573
922 740
779 821
373 902
322 580
774 1000
259 77
957 446
349 906
984 452
224 329
294 625
5 994
944 594
282 25
47 283
654 497
878 117
362 714
478 637
829 69
505 705
657 332
474 944
699 329
990 472
918 21
444 420
118 567
525 461
968 310
966 353
167 580
296 627
297 734
339 311
432 115
548 129
182 131
689 469
41 705
188 528
897 840
48 163
326 738
955 254
6 236
255 817
641 3
8 896
996 337
869 173
318 701
104 873
416 265
569 737
197 736
189 688
996 288
372 634
727 176
217 703
453 775
440 410
574 733
446 80
712 326
986 109
273 526
699 576
798 788
946 114
678 766
425 356
281 968
636 108
365 194
916 694
921 964
403 349
830 20
709 877
122 841
614 986
967 58
492 90
683 899
892 539
624 921
516 33
350 475
47 473
32 910
362 397
568 304
87 1000
330 111
663 163
546 943
174 980
395 985
912 333
396 118
14 701
903 447
970 95
735 861
170 903
979 231
356 942
955 859
783 747
550 674
830 690
64 317
339 245
141 407
605 146
258 405
386 350
542 765
908 511
766 415
234 116
92 122
590 745
462 28
326 836
884 125
741 724
379 6
124 18
621 894
413 857
824 736
932 683
625 943
444 797
394 38
347 74
555 417
133 731
707 250
86 725
638 774
660 172
522 141
206 690
512 107
877 711
513 966
683 402
761 982
759 679
474 157
635 874
639 930
540 810
564 213
65 206
289 497
806 190
29 463
530 180
624 679
23 273
207 564
770 630
773 865
575 725
31 651
336 552
148 949
627 826
994 11
822 829
469 587
572 300
735 800
316 466
852 12
953 548
178 463
109 741
476 232
439 404
98 278
705 486
709 278
323 615
421 172
239 571
311 222
350 194
922 97
671 878
715 538
718 399
378 906
297 645
289 533
508 415
932 489
275 998
257 55
846 371
757 348
171 585
922 259
707 555
263 121
250 798
806 941
382 307
979 831
488 866
471 107
560 150
172 196
484 246
964 184
488 241
140 554
343 45
806 655
756 314
544 890
463 939
671 307
621 900
215 209
245 996
290 266
733 534
20 231
884 486
462 564
48 728
877 683
151 700
857 391
582 948
270 282
57 207
874 875
522 899
65 852
800 801
587 747
271 244
899 567
55 861
817 587
134 596
281 896
467 601
604 10
164 543
701 464
479 390
471 29
134 743
985 5
344 443
492 19
369 984
478 74
833 73
601 213
87 690
226 18
544 115
781 378
984 122
558 916
26 365
729 984
174 925
616 466
801 757
14 714
625 457
53 864
187 274
153 870
327 615
980 93
641 969
456 273
693 917
36 100
510 55
240 535
485 844
633 32
689 854
429 83
414 313
515 238
37 542
754 992
495 822
188 926
962 809
282 343
379 729
909 986
336 756
764 748
283 803
487 515
897 35
702 782
578 872
941 474
617 34
243 212
959 266
114 828
194 912
893 18
641 87
627 122
393 958
157 141
108 957
470 206
42 351
301 750
53 125
660 971
863 588
960 869
838 890
488 282
942 804
669 52
707 353
639 890
994 655
117 588
138 575
69 745
341 20
986 859
414 704
386 533
518 714
9 810
999 755
247 846
623 531
147 692
169 44
423 739
501 727
799 808
321 889
654 37
278 265
705 19
62 432
16 280
288 477
956 900
79 855
905 578
865 326
357 552
222 837
945 494
843 385
236 673
115 528
81 736
692 759
46 102
124 834
567 960
127 857
789 454
40 347
315 67
245 270
83 223
488 525
379 903
988 170
659 453
983 373
581 53
505 546
513 317
336 720
867 844
745 308
709 145
366 844
774 343
758 742
618 93
12 598
422 637
977 490
760 774
246 785
137 739
881 534
147 310
977 123
798 123
525 993
826 352
376 749
922 130
310 544
259 974
26 975
152 702
890 526
122 628
873 980
565 54
547 535
119 46
535 834
938 92
556 735
80 160
152 557
852 710
778 289
835 272
605 922
930 484
558 75
331 113
584 639
350 190
740 354
243 778
282 902
199 975
934 134
313 696
558 754
317 128
190 662
530 115
348 570
60 568
650 257
98 17
441 554
781 130
767 361
967 347
697 915
239 832
154 414
726 518
126 498
629 505
206 426
79 984
226 316
946 37
585 867
801 814
822 624
880 801
2 77
644 684
495 904
197 254
457 833
629 27
405 481
454 864
638 331
361 509
698 932
395 434
28 959
14 2
306 550
570 346
756 1
224 914
333 208
206 102
279 750
319 269
603 670
716 919
23 655
78 92
794 661
154 628
402 288
51 976
591 486
404 508
703 760
209 108
121 533
618 448
466 597
158 167
471 420
686 633
907 380
267 541
773 283
497 186
647 374
506 822
788 184
661 438
973 324
888 204
446 476
543 566
837 789
645 298
365 20
76 73
668 261
227 207
274 450
803 874
881 126
477 619
354 214
134 760
528 783
281 453
412 506
711 246
967 136
978 867
316 798
189 8
100 933
875 489
268 665
35 766
397 507
536 589
478 254
26 487
725 39
565 462
531 338
501 103
151 61
669 544
354 799
213 996
896 944
491 14
559 17
871 291
726 546
361 558
256 818
308 895
441 15
353 82
170 888
961 915
609 129
117 154
201 151
459 703
327 560
726 702
512 925
107 749
552 398
798 503
999 306
837 403
840 137
736 106
519 331
206 66
478 999
228 926
200 183
94 995
755 935
292 456
759 463
341 586
430 757
180 712
396 957
842 733
720 461
495 465
6 68
320 987
471 346
546 201
621 899
986 256
322 895
901 313
704 773
588 419
347 375
669 190
873 771
503 72
730 956
380 245
53 137
94 575
740 117
189 473
781 693
998 645
857 311
623 280
260 100
725 360
873 573
14 143
237 446
921 899
374 249
122 142
485 816
184 293
421 24
39 601
740 314
8 243
852 988
9 670
830 333
654 78
273 17
813 919
688 804
946 312
587 54
311 494
187 676
5 635
317 825
429 799
896 924
770 893
112 229
365 717
187 277
148 593
210 654
652 377
720 178
433 181
107 26
218 977
746 763
499 660
541 891
32 661
812 738
408 452
231 970
713 95
446 32
900 925
658 731
978 60
331 613
263 92
103 413
20 823
992 480
521 846
926 439
855 375
664 834
974 419
688 120
686 471
319 170
582 612
290 444
772 1000
928 550
447 118
55 621
706 236
65 533
928 405
584 279
330 456
863 591
134 279
583 572
656 787
750 87
308 46
221 795
682 799
797 254
523 594
448 296
670 391
449 1
602 505
674 986
412 92
541 227
855 526
911 776
331 178
204 956
759 210
504 606
305 595
655 279
844 364
98 10
316 181
57 923
670 816
342 830
538 434
296 57
740 572
266 721
670 835
249 582
412 631
878 934
745 767
514 346
143 886
349 93
371 445
62 866
163 146
413 672
292 227
629 6
866 728
957 527
324 125
766 353
362 107
893 379
681 725
137 951
875 795
859 702
162 322
309 657
185 931
775 916
923 673
266 228
672 879
15 547
362 781
483 531
929 413
145 825
717 278
148 119
654 828
559 867
836 420
161 228
669 789
592 704
424 850
332 843
617 19
26 422
475 885
683 424
872 511
48 737
659 323
219 328
494 322
538 797
775 489
696 828
494 301
529 723
375 506
341 70
288 341
355 341
751 655
330 681
429 675
549 754
731 755
808 564
271 348
251 278
911 876
346 526
40 877
72 423
459 869
705 77
647 870
673 832
252 948
382 639
643 275
942 765
501 83
430 465
249 618
921 662
24 784
390 963
961 773
781 18
639 290
54 636
682 653
295 834
357 517
289 452
620 141
412 970
272 189
779 75
754 839
168 382
723 236
258 929
594 899
336 927
96 305
300 250
28 777
254 113
291 457
556 459
724 881
489 59
379 640
364 300
769 182
261 626
944 971
393 650
486 311
833 916
542 812
375 997
376 957
621 781
430 734
492 839
328 800
629 606
261 276
671 345
570 44
295 117
941 707
265 162
102 577
656 957
786 516
80 111
850 639
320 670
587 624
874 279
509 562
288 511
99 298
206 594
307 825
381 760
865 999
972 61
647 535
559 455
767 548
47 955
90 346
826 726
759 116
961 421
150 66
382 893
297 398
1 896
164 628
737 527
377 392
288 407
92 613
979 423
961 880
165 740
307 354
273 342
438 520
277 390
524 697
709 643
302 43
325 138
897 537
790 204
918 497
540 419
615 857
374 713
909 210
35 317
76 919
300 847
249 785
503 924
417 621
126 201
951 488
664 730
352 6
794 421
577 595
82 147
429 510
675 506
768 520
262 689
42 805
421 874
745 354
875 739
381 118
435 898
383 984
87 251
335 613
388 623
255 934
870 437
897 560
712 83
107 923
453 699
113 730
607 990
93 189
566 13
324 680
113 683
539 947
243 280
741 57
229 1000
727 122
109 319
807 130
111 273
204 469
21 761
126 636
116 697
355 835
267 649
215 823
321 192
697 413
186 922
907 982
415 795
472 792
212 269
139 208
623 505
94 233
523 791
799 822
231 432
434 146
865 606
539 514
895 263
725 58
585 591
692 821
967 397
201 886
952 922
443 785
106 957
734 59
499 742
705 343
852 34
527 522
325 110
861 172
697 827
239 744
573 216
281 552
226 485
984 265
468 410
913 755
672 816
89 980
512 517
405 24
944 358
764 767
885 489
427 705
304 20
426 562
720 652
668 996
689 391
45 220
55 334
132 697
998 282
450 260
125 134
660 532
863 936
213 240
518 253
63 208
661 267
426 188
548 691
143 249
769 698
812 831
16 963
185 284
459 784
333 684
959 200
483 3
543 521
316 993
902 920
191 419
322 270
161 756
279 863
551 387
852 898
134 705
272 690
363 343
808 488
271 488
596 399
942 631
304 775
639 555
680 674
700 701
138 122
499 932
724 299
445 278
88 13
415 674
741 362
441 661
227 706
287 356
844 864
314 382
584 43
774 777
339 218
430 775
639 111
362 217
490 748
515 191
93 87
319 227
637 538
230 80
513 386
54 802
662 45
628 906
322 955
352 206
725 215
259 809
862 548
793 35
685 21
614 133
528 208
214 535
453 593
789 23
920 346
719 842
741 270
195 166
852 210
834 531
500 515
599 785
266 455
656 707
823 681
347 144
811 865
663 768
206 853
526 756
677 840
738 946
462 626
530 538
983 404
289 136
642 518
238 213
243 577
494 306
460 198
562 794
247 14
359 976
644 308
113 46
683 230
47 791
263 954
69 715
655 84
346 668
536 964
994 256
854 293
393 485
26 38
852 789
355 343
377 499
252 949
715 55
972 478
424 92
65 350
540 535
821 655
936 439
222 148
101 813
410 2
254 482
567 512
14 640
453 96
236 368
164 21
2 216
844 631
131 996
979 232
131 885
415 279
211 451
983 673
919 662
511 412
734 923
806 733
908 506
893 660
840 256
148 327
766 493
989 274
422 957
651 169
581 952
910 870
720 596
132 738
243 225
565 596
897 154
257 379
258 980
777 636
11 308
622 398
343 251
237 916
574 621
812 418
58 358
410 954
252 55
787 292
495 783
167 62
996 86
834 793
449 317
941 225
426 7
983 297
198 547
578 389
325 676
289 502
916 597
757 673
9 791
230 867
363 398
236 144
734 659
684 680
14 467
145 96
939 634
333 807
246 72
692 850
386 554
770 996
878 637
383 161
683 625
481 441
808 613
156 663
898 970
18 656
165 847
443 869
540 269
687 206
645 56
230 687
965 808
273 486
93 253
511 338
480 238
763 557
766 732
896 720
511 291
921 259
923 477
429 108
233 379
909 802
641 652
472 149
153 90
797 769
926 703
374 1000
803 176
628 443
166 932
318 911
907 222
600 412
825 569
509 32
864 17
314 62
251 617
89 844
343 441
237 598
322 398
93 722
632 903
258 521
934 116
445 649
872 651
285 480
267 861
128 37
257 327
208 243
413 92
541 177
350 681
478 990
172 997
156 482
506 619
200 486
256 264
808 832
721 213
316 623
905 30
155 683
278 911
748 554
674 837
327 425
165 350
422 71
887 145
704 994
138 518
469 40
215 532
221 983
596 517
49 846
674 551
492 14
972 256
338 676
339 645
433 632
166 346
931 598
662 730
934 863
79 892
761 269
515 825
395 917
715 332
274 522
300 526
212 194
345 608
933 366
535 46
580 725
971 665
50 180
343 537
431 908
127 934
426 326
918 13
606 784
370 552
371 193
154 793
837 484
675 409
324 201
337 322
138 309
999 336
824 812
788 335
456 208
439 953
99 856
210 355
102 861
869 56
189 94
693 455
94 876
648 728
133 784
928 568
858 297
52 352
894 683
364 365
54 306
112 286
149 486
388 866
156 454
531 754
659 297
381 605
399 98
1000 105
412 239
840 717
755 449
354 442
669 49
368 522
472 817
678 801
661 605
576 679
108 380
293 414
494 625
490 29
47 870
592 320
501 204
340 206
416 662
805 388
2 467
866 146
577 45
960 339
743 632
691 37
41 248
848 760
978 587
841 321
897 399
596 221
245 489
504 173
856 130
50 201
676 149
218 947
859 194
922 53
84 792
68 485
288 813
935 855
172 331
407 719
272 369
310 473
497 710
738 412
611 662
779 322
629 806
2 10
817 100
233 109
471 191
403 463
76 525
719 853
232 275
751 356
703 705
724 684
217 530
566 463
73 982
205 556
925 248
820 978
739 514
258 787
977 137
959 9
820 833
20 265
502 844
632 545
261 97
189 287
118 495
742 757
46 774
468 714
881 87
19 192
347 607
938 22
578 465
501 398
339 607
319 541
322 275
52 952
736 985
347 716
373 836
661 639
543 770
222 351
175 35
472 474
516 45
170 609
946 254
472 329
400 230
28 12
369 711
283 307
287 347
658 861
418 534
93 152
993 426
131 999
405 268
795 412
500 142
780 456
467 63
433 243
54 749
182 470
734 131
284 873
3 289
871 30
413 642
864 296
150 163
593 339
561 27
600 274
909 910
242 642
220 35
667 367
410 455
853 849
271 570
515 403
771 962
700 539
867 877
253 22
950 100
720 597
975 723
671 202
933 197
498 494
445 725
929 296
858 382
215 975
362 513
806 758
440 459
294 474
43 230
959 476
212 823
104 984
376 669
30 480
398 324
408 26
578 736
651 884
916 914
527 551
835 352
963 823
801 48
195 705
290 567
42 52
450 105
817 669
363 496
492 148
700 913
902 609
528 770
726 101
820 490
130 546
421 97
562 609
959 993
504 553
848 930
98 65
886 238
977 706
563 185
967 427
914 309
992 701
772 171
187 669
297 205
463 248
190 512
230 733
925 979
654 147
36 878
40 105
732 397
260 598
637 782
840 752
970 127
740 837
706 597
516 438
161 845
650 960
978 309
707 753
689 814
436 2
801 952
538 61
611 577
635 698
154 770
768 522
344 937
20 687
848 513
998 18
727 560
780 539
766 14
125 414
951 136
789 221
833 965
315 362
997 858
870 472
873 452
927 163
519 777
966 591
989 386
457 557
261 485
890 897
172 192
789 959
132 598
833 743
834 600
212 803
169 751
653 963
372 702
375 233
266 367
13 271
882 255
646 250
906 351
877 824
753 362
860 522
388 173
302 687
531 951
146 491
665 957
830 65
759 421
238 935
191 393
247 999
530 261
436 288
958 485
887 1
874 992
764 332
592 357
478 78
26 599
210 850
874 883
997 246
258 37
614 881
399 703
948 473
87 831
614 704
226 129
227 680
355 511
72 743
969 383
166 517
791 175
174 114
67 812
329 105
465 601
463 498
600 172
28 685
309 920
664 649
202 328
990 481
780 103
374 602
710 992
371 192
580 500
574 629
559 618
998 62
236 488
90 523
107 603
1 106
499 213
484 263
157 359
22 991
175 994
180 568
492 890
309 348
203 745
275 740
617 939
45 434
655 521
953 361
256 247
939 562
744 290
910 633
586 761
424 776
498 137
704 868
787 28
603 22
472 532
811 37
722 632
405 700
997 306
247 439
123 141
751 775
94 542
557 586
666 125
191 348
503 222
622 16
217 98
90 272
295 534
526 197
963 703
912 553
87 765
455 377
368 33
173 712
256 615
30 775
459 715
106 524
359 370
951 622
3 38
278 252
157 997
810 22
169 323
758 143
689 916
286 554
568 674
272 84
382 179
628 687
295 808
814 252
780 436
802 732
359 161
876 333
108 336
419 20
918 880
835 633
84 569
788 526
872 919
615 65
283 914
1 197
628 508
672 866
747 486
54 66
572 651
903 195
584 988
12 594
43 364
427 973
596 618
54 364
699 889
482 214
695 493
441 970
261 223
319 937
394 496
432 515
640 504
904 963
290 673
824 244
329 826
860 754
937 443
111 440
482 264
962 30
545 46
160 12
397 753
180 199
623 349
459 56
550 136
626 482
717 953
854 242
675 807
166 272
630 277
631 964
208 550
193 150
13 131
537 825
934 789
686 53
296 137
903 862
728 140
891 744
400 231
442 558
994 211
338 530
340 449
657 1
791 90
887 525
585 871
287 235
453 255
753 553
663 412
580 558
581 910
987 597
590 754
168 415
304 79
931 58
276 652
384 215
738 528
619 857
667 532
797 605
284 944
289 878
825 652
665 507
445 687
43 315
499 141
281 450
923 831
323 91
569 663
516 934
4 472
67 94
285 395
860 257
51 654
937 868
165 869
798 91
785 226
323 377
894 736
532 99
471 273
935 422
521 502
668 611
228 58
656 975
351 444
299 273
427 356
125 543
74 531
290 564
310 691
574 988
190 965
692 399
472 234
934 452
740 948
186 884
482 415
179 485
1 901
391 450
943 495
86 372
325 964
438 749
455 321
937 194
26 483
372 715
446 808
404 530
791 920
574 280
10 959
853 335
981 378
378 801
133 962
870 514
562 467
9 204
653 1000
679 795
982 924
476 229
409 164
871 428
303 576
343 631
71 548
719 200
2 88
634 304
35 143
139 314
504 452
658 755
590 718
702 900
758 512
138 287
1 13
225 495
188 725
580 183
46 751
485 53
436 242
654 921
401 737
635 702
34 913
439 746
464 30
848 247
77 862
354 549
393 257
17 563
177 92
346 897
384 622
792 283
235 635
566 477
273 858
471 539
38 218
699 764
773 29
955 854
463 667
123 462
14 147
60 469
777 427
407 352
174 597
603 954
678 997
863 43
900 39
136 396
50 366
71 196
990 938
312 589
241 772
5 726
9 531
853 498
691 459
955 64
92 580
58 980
518 924
425 867
338 452
503 686
401 180
13 937
754 680
495 750
406 117
803 113
681 451
207 75
671 696
784 980
93 112
899 293
701 881
387 729
839 519
58 264
849 515
483 797
287 961
474 760
177 283
555 759
651 354
651 133
945 897
267 157
604 386
72 51
660 412
642 867
92 174
664 983
594 104
522 413
79 464
375 569
766 186
437 150
59 652
561 194
580 58
963 178
945 867
641 170
751 179
38 570
721 900
313 657
833 706
137 347
161 287
267 968
775 368
373 769
543 724
669 756
623 90
95 733
639 912
251 947
177 820
696 804
872 165
66 100
873 908
982 62
714 648
803 857
401 265
668 329
669 928
583 862
289 444
860 781
294 943
681 626
190 876
56 272
97 612
922 639
647 894
579 604
628 795
203 651
312 617
264 624
80 517
210 588
407 106
839 167
696 463
292 442
758 29
594 472
120 673
597 913
782 829
767 449
516 361
700 414
611 813
945 481
565 907
961 607
331 986
767 39
55 235
79 225
561 290
887 846
391 229
92 110
768 580
272 371
404 784
315 439
802 584
864 108
97 180
300 48
629 981
958 693
975 761
349 826
634 957
711 935
529 703
399 317
61 240
681 772
438 524
423 395
137 742
600 884
530 887
8 533
778 121
577 271
981 606
251 881
878 916
73 933
789 871
424 997
811 243
258 785
720 312
428 577
656 996
829 523
960 838
890 523
797 45
122 625
375 65
125 634
592 113
445 883
789 866
363 821
514 980
454 995
554 437
517 207
900 217
544 355
672 168
933 799
91 596
790 760
493 792
723 711
173 666
321 943
126 650
142 175
164 419
327 145
301 434
403 577
830 888
522 521
562 714
240 904
402 507
278 302
841 152
687 70
924 276
88 236
731 770
240 999
663 185
645 686
870 615
616 578
975 171
981 470
774 857
225 6
889 111
775 577
379 934
50 890
13 326
639 916
608 688
165 539
480 35
430 913
804 166
845 526
811 642
753 273
101 494
989 367
340 671
205 256
43 429
577 917
245 527
390 717
985 804
470 940
168 702
868 727
480 752
375 993
271 730
555 423
342 325
768 108
510 671
152 449
12 853
968 867
682 945
459 360
742 949
730 933
507 100
324 598
553 932
626 210
385 766
833 468
385 889
117 608
927 658
678 796
990 514
856 225
835 499
126 964
164 737
660 750
75 390
57 919
423 576
541 189
1000 321
985 51
624 733
752 482
382 701
553 727
874 797
361 870
39 513
356 481
722 901
201 862
678 216
256 905
829 68
537 901
545 565
374 338
191 952
359 10
532 996
495 570
757 147
525 45
563 966
505 274
657 381
16 3
842 179
297 638
409 84
435 744
755 543
945 11
875 854
894 246
667 578
29 549
780 163
379 672
141 663
453 389
864 20
422 988
594 133
977 267
850 27
483 734
771 689
521 678
59 867
263 277
784 452
200 267
509 799
149 350
794 613
579 265
707 220
911 462
81 393
501 768
29 105
256 267
739 604
461 510
9 197
142 811
697 48
40 749
829 563
226 744
833 432
372 862
764 104
877 967
540 3
99 245
959 801
910 479
380 464
339 834
920 623
706 64
563 505
156 929
52 882
550 209
203 454
51 58
252 905
329 444
978 979
826 955
559 184
700 507
424 166
931 697
907 311
81 766
743 132
690 16
624 276
544 181
849 753
81 527
224 657
500 119
961 739
548 5
785 445
6 57
238 488
561 406
524 30
654 392
935 596
370 438
297 240
931 245
663 538
408 22
872 603
814 674
928 861
450 401
309 346
458 932
771 685
21 470
896 106
368 953
789 977
927 935
307 550
660 98
354 599
403 841
266 257
808 148
642 676
350 539
260 295
371 604
427 286
753 276
218 121
902 781
800 835
907 921
108 744
716 495
610 614
207 724
544 344
982 430
535 538
331 216
522 643
796 38
48 774
632 455
810 134
423 665
174 737
308 623
317 231
265 916
72 694
142 498
516 219
663 148
724 422
601 469
430 41
987 828
516 362
702 899
857 748
676 144
219 711
143 893
202 283
738 185
611 957
815 702
323 549
361 378
412 786
552 67
45 976
818 336
337 23
713 126
96 104
24 757
93 125
259 525
954 227
665 108
295 409
888 99
931 145
440 724
332 610
975 760
278 536
923 853
788 477
113 533
789 900
591 883
155 808
263 349
746 291
251 643
369 380
671 497
677 884
215 917
609 618
948 777
460 28
878 480
802 467
643 973
384 696
47 573
857 449
621 360
858 42
734 921
806 314
455 168
995 335
521 243
299 324
797 221
29 321
114 381
631 160
479 439
373 720
635 165
835 423
559 753
820 17
701 404
402 214
670 631
798 584
594 714
160 492
364 4
882 713
496 404
655 374
52 729
661 961
477 852
494 882
156 111
598 356
670 785
268 465
895 802
259 174
248 499
710 253
487 44
749 665
128 755
142 46
364 441
862 456
477 118
499 674
351 589
45 786
516 477
934 580
828 479
562 15
563 794
895 401
23 940
619 467
895 358
897 835
992 79
889 825
512 550
803 105
287 920
861 291
400 499
962 666
245 526
103 416
984 914
128 174
617 976
985 852
181 167
637 126
932 944
129 933
539 938
276 188
774 87
462 547
933 766
343 429
61 531
760 518
925 74
142 844
686 617
186 528
315 892
941 992
946 714
838 836
802 358
416 21
470 472
644 389
592 94
8 511
463 641
982 103
74 377
599 490
213 27
308 257
75 22
402 314
459 951
446 691
633 750
583 950
786 84
273 47
75 231
412 668
494 671
758 440
852 821
134 796
175 192
827 314
126 566
788 603
347 971
978 639
80 718
724 367
155 188
504 778
946 225
435 348
93 328
867 353
226 363
511 118
652 339
67 821
414 141
679 854
79 954
288 761
40 394
429 104
712 668
197 220
421 900
690 335
766 418
90 643
897 943
916 124
617 658
512 514
50 577
950 212
737 281
132 819
396 866
708 145
564 862
581 920
949 996
58 199
441 181
375 964
372 580
90 852
931 310
336 444
512 479
324 172
613 233
371 722
82 611
191 71
233 725
234 678
273 574
971 547
128 327
458 754
310 627
59 739
243 396
230 693
501 688
228 472
564 402
820 772
809 557
592 939
20 460
42 388
173 942
501 545
906 301
568 196
971 257
535 896
459 117
796 428
48 908
394 744
570 513
166 124
60 471
170 371
796 451
355 181
507 990
738 248
327 203
130 517
98 241
26 594
208 593
642 587
50 364
268 699
8 645
273 11
535 727
222 54
377 431
767 350
805 125
270 288
611 162
151 95
389 710
322 747
334 686
444 186
743 310
785 146
127 989
348 798
121 141
6 700
260 708
444 297
376 463
92 317
823 367
880 879
510 62
222 626
937 520
742 325
179 605
309 534
571 367
325 507
955 12
67 732
28 846
68 163
969 184
148 379
81 808
837 369
290 212
176 832
633 500
82 402
675 251
418 112
595 816
516 625
873 54
399 328
765 465
307 553
15 280
495 352
959 17
636 354
365 928
676 82
589 20
113 987
518 16
904 388
420 686
609 815
792 377
422 20
498 870
407 416
312 911
756 160
677 514
489 889
477 572
90 326
497 422
176 991
412 393
969 988
472 164
990 874
479 483
961 96
178 842
753 966
570 660
478 41
632 965
869 952
734 520
529 309
13 156
182 197
255 473
537 802
75 175
47 461
535 360
919 9
888 569
482 790
880 173
787 619
917 536
153 843
961 940
340 287
130 45
334 309
743 171
304 376
214 991
69 72
269 694
823 371
790 120
760 337
867 663
267 477
287 22
612 972
382 400
755 726
383 697
814 989
232 633
199 20
747 330
375 622
147 649
432 250
250 849
546 297
22 684
497 949
522 270
160 471
731 156
167 896
423 26
436 935
12 403
169 548
99 679
815 741
284 275
769 665
453 912
57 159
773 177
156 806
247 404
360 808
656 885
39 424
920 650
26 889
688 422
928 149
143 957
500 737
329 648
625 469
882 996
39 313
976 999
942 954
908 766
843 36
199 55
700 632
666 952
815 965
709 998
265 725
817 992
982 314
985 70
688 818
865 552
95 247
705 71
99 240
47 112
32 791
202 203
981 355
892 642
306 29
179 217
435 323
257 615
149 561
97 864
45 640
446 833
92 701
754 750
866 916
758 238
193 550
905 492
861 239
109 650
836 947
376 542
358 171
557 314
37 590
793 992
748 52
867 691
7 362
686 550
568 884
680 366
721 518
283 359
466 155
448 690
253 161
132 856
538 967
499 225
197 277
712 942
175 822
162 467
537 5
719 821
580 237
855 309
287 697
996 208
936 677
668 856
480 609
979 521
263 320
587 990
452 399
823 648
56 597
150 850
200 917
750 311
772 573
720 262
385 579
423 143
420 81
274 189
366 431
299 274
178 673
656 849
138 367
422 92
133 135
248 997
209 545
998 867
782 268
105 720
930 515
866 389
425 217
84 442
446 289
907 817
714 593
217 95
571 952
697 357
240 200
153 711
20 331
855 716
473 886
348 614
682 386
316 132
463 855
249 223
895 880
143 609
257 722
921 635
739 476
890 80
946 158
572 292
952 453
853 683
830 257
991 741
757 145
465 625
413 753
342 74
841 238
73 116
880 836
749 926
474 624
435 746
420 640
348 89
629 248
315 384
462 209
305 170
111 746
607 657
277 68
962 844
104 636
162 388
915 702
521 859
941 494
229 428
216 965
756 403
614 416
228 788
936 641
669 405
337 916
45 475
138 207
413 87
276 849
670 97
584 482
324 549
626 869
902 148
560 379
617 382
321 297
963 902
713 851
165 456
510 923
596 812
759 304
639 846
765 671
968 639
716 453
312 899
534 818
506 441
126 998
161 306
82 798
882 812
350 238
631 107
959 944
399 710
806 45
420 601
350 121
333 885
818 663
377 317
985 190
365 420
706 352
818 870
835 668
603 525
165 293
729 762
61 220
317 818
966 193
554 975
279 250
71 628
68 253
19 809
723 829
357 583
535 154
757 486
716 769
707 721
22 289
447 554
858 847
823 159
415 22
917 342
276 322
561 404
541 357
926 668
712 776
106 123
352 151
707 527
33 716
253 105
399 437
435 996
546 258
659 737
362 675
897 84
664 841
537 253
497 904
684 508
850 908
941 355
599 779
266 45
621 975
256 203
561 848
1000 176
690 948
556 268
312 210
20 131
519 219
116 628
155 620
668 78
673 239
926 235
532 38
214 599
830 263
388 254
262 723
123 129
747 971
436 226
590 391
242 273
61 715
118 388
226 893
136 77
544 346
392 590
322 264
215 567
243 238
256 678
277 772
77 562
318 76
549 680
820 662
420 796
463 926
31 698
195 840
537 801
424 102
778 841
909 417
677 69
734 398
829 138
120 676
145 333
787 618
793 745
352 375
518 782
136 536
157 914
528 266
178 399
822 620
978 358
504 33
178 286
452 833
757 506
23 906
248 38
140 934
144 289
272 374
58 299
468 146
297 709
64 712
931 2
201 289
538 992
462 440
966 632
552 732
996 459
667 701
262 115
928 891
671 221
237 537
772 804
516 974
906 942
634 811
768 899
733 549
47 729
194 895
930 171
623 10
151 655
872 486
581 514
512 55
109 257
547 724
857 455
260 404
338 948
112 347
687 764
161 6
809 774
536 970
988 421
777 891
346 521
809 919
312 665
810 376
577 147
639 154
446 612
974 624
143 524
961 877
875 291
269 102
17 213
473 571
956 928
723 919
166 1
782 796
952 711
814 173
515 112
465 677
211 457
413 669
217 877
561 323
788 558
819 680
794 507
614 200
7 506
120 124
944 765
511 473
163 136
719 903
617 837
543 85
376 853
394 92
675 37
487 579
371 986
651 60
539 655
65 692
266 485
730 654
130 770
973 26
77 37
38 187
693 171
752 857
180 274
492 604
276 813
596 922
817 583
394 400
659 356
130 874
717 230
593 408
575 24
285 858
393 247
590 511
132 179
887 139
658 359
34 589
308 412
459 984
833 203
674 541
363 388
381 979
810 205
350 130
740 270
608 825
212 359
303 8
39 122
491 472
772 1
666 524
118 25
835 675
529 508
251 440
179 135
92 636
588 857
700 355
826 930
645 430
179 704
26 286
870 695
959 706
265 978
895 192
416 578
365 737
666 302
832 218
465 999
946 110
96 34
643 18
349 109
757 144
687 325
867 577
687 298
466 90
563 888
620 895
987 516
953 660
676 904
490 231
633 365
465 419
827 413
387 812
30 148
219 205
737 392
367 61
940 43
41 85
194 901
945 891
529 644
519 97
21 646
55 513
941 544
265 199
730 789
603 1
713 705
204 460
133 984
800 715
432 719
196 770
271 78
420 692
692 143
707 396
857 319
749 249
949 471
717 795
925 54
411 968
855 909
180 187
329 583
990 652
517 4
276 662
744 790
47 213
88 794
160 423
622 859
473 800
387 240
579 612
620 264
857 74
584 782
826 983
154 316
62 413
619 960
687 916
473 962
516 226
899 250
317 817
763 481
47 408
397 249
960 420
572 201
269 831
552 165
455 980
416 753
564 644
945 330
788 896
664 654
315 62
561 314
809 126
926 626
289 607
954 347
607 615
96 79
851 209
944 285
727 610
502 272
862 563
595 212
157 497
12 468
294 445
789 252
742 52
138 398
629 622
133 649
870 328
284 619
232 332
233 917
125 159
987 44
169 701
314 318
502 555
247 745
214 351
752 786
966 846
536 51
534 514
167 111
958 846
261 230
2 28
648 572
756 517
117 817
375 121
322 103
565 985
346 865
510 948
392 73
129 970
428 895
731 382
894 798
623 324
701 410
792 490
868 189
501 436
995 401
621 419
368 471
77 561
649 176
247 833
490 566
92 774
454 165
848 976
26 899
781 260
654 50
164 282
402 403
408 876
193 318
678 231
993 279
900 293
117 407
616 618
760 458
156 725
639 310
730 257
478 472
615 777
227 600
444 293
675 716
913 839
608 569
921 332
615 926
33 796
783 782
145 622
765 317
831 838
652 123
600 316
68 370
694 474
589 656
827 231
96 107
650 532
10 439
375 763
853 839
950 657
896 444
236 975
519 378
426 8
758 588
262 225
944 747
504 367
582 414
103 341
629 977
737 432
993 558
108 779
968 252
881 525
57 451
275 372
998 392
266 337
880 989
271 992
31 148
189 567
302 782
214 234
590 369
167 224
151 767
928 148
927 698
398 396
57 782
590 480
242 306
743 982
389 823
160 1
470 290
825 273
238 830
386 607
795 953
134 533
971 88
82 108
687 876
737 114
670 634
688 968
145 125
643 394
592 290
791 770
759 142
248 536
891 894
62 229
767 272
679 734
179 718
596 136
634 71
288 609
453 105
933 351
116 309
193 548
547 469
657 405
842 155
550 728
295 715
442 269
743 201
783 866
555 224
55 203
183 54
496 930
451 235
231 778
771 955
276 379
699 77
112 737
43 417
885 426
98 844
176 14
638 82
287 810
337 29
67 436
621 773
984 772
16 630
613 513
668 858
910 6
565 718
848 318
725 904
691 792
623 41
879 147
648 613
460 3
725 633
467 873
536 631
216 551
587 616
825 83
809 566
592 962
167 132
208 955
48 532
584 678
986 198
754 106
919 542
830 431
668 286
597 416
88 656
895 655
679 190
458 270
351 89
49 859
411 924
229 701
213 24
765 987
269 342
551 320
722 517
238 581
421 107
133 423
466 729
265 759
143 754
576 899
153 630
938 765
531 418
585 603
79 865
541 588
778 782
374 295
52 559
129 272
900 399
634 91
435 462
878 870
738 141
496 736
634 458
136 977
286 615
490 450
954 469
365 770
168 322
562 46
121 358
582 181
196 368
549 308
475 299
462 215
374 995
713 59
948 950
847 160
593 961
409 890
84 572
712 893
768 703
570 263
73 293
292 513
573 624
850 23
577 885
764 561
285 328
931 170
256 114
789 72
78 129
998 374
211 940
458 799
646 978
258 947
264 556
393 904
448 44
743 494
825 909
68 669
752 838
694 889
181 90
932 806
260 335
522 38
985 704
802 278
87 256
398 469
369 27
61 677
317 283
834 999
263 725
600 983
490 817
613 9
489 898
808 117
915 90
819 461
185 377
424 735
584 593
933 834
627 597
276 663
291 670
105 482
26 593
498 690
446 594
395 684
397 22
914 128
694 858
493 621
300 743
762 982
818 868
726 869
654 198
986 542
737 668
431 755
900 322
249 117
786 345
92 752
308 949
516 370
727 881
701 938
494 920
867 414
923 144
999 133
201 88
330 316
188 178
170 837
559 429
840 609
892 938
733 490
606 904
384 455
126 360
800 745
758 839
215 472
366 604
186 206
942 249
304 189
659 773
287 972
205 371
651 153
562 932
84 592
267 144
148 838
16 912
769 246
897 57
537 82
684 487
499 219
120 292
488 840
604 14
383 885
284 612
480 15
695 278
682 595
648 735
378 265
998 493
105 338
856 92
994 716
259 847
96 635
253 267
103 856
659 302
143 193
540 635
544 638
626 22
510 949
479 206
501 514
504 426
13 550
701 409
795 988
961 500
924 248
401 157
130 629
83 591
553 603
892 411
394 794
364 28
200 965
165 93
995 898
201 649
970 834
540 174
942 750
464 857
575 462
684 331
757 821
460 749
745 853
670 840
210 4
732 629
628 518
795 393
25 297
897 601
438 891
511 275
118 769
368 457
818 253
701 656
962 912
379 782
430 894
201 342
609 49
646 606
776 680
298 236
267 47
90 582
898 327
383 523
171 651
922 321
318 590
586 152
729 889
15 554
362 882
988 962
555 545
628 105
836 23
390 58
394 9
381 167
256 58
149 289
466 762
417 105
91 126
169 664
556 28
774 111
124 510
751 67
589 164
696 156
76 377
504 579
727 58
621 723
198 684
346 979
403 392
545 439
817 682
583 539
130 823
191 755
298 225
743 977
427 399
47 942
319 693
878 412
511 669
826 571
424 663
167 449
40 805
541 212
35 895
886 874
708 714
865 557
277 663
460 563
419 427
249 192
467 377
805 417
19 532
961 776
408 841
117 505
890 59
838 427
162 840
861 970
532 862
296 30
4 471
297 363
525 179
875 178
970 66
810 555
251 429
705 279
46 25
766 680
748 467
306 378
656 204
840 441
535 220
581 142
90 683
951 12
41 665
750 374
742 403
926 730
34 306
181 385
435 945
918 89
832 555
319 311
140 682
16 984
271 688
419 485
148 173
475 372
813 205
154 634
766 247
343 2
779 210
164 221
114 284
924 636
798 93
432 598
821 484
816 116
20 325
588 408
868 897
741 157
9 172
601 522
413 402
808 876
570 791
754 24
293 748
494 359
441 857
906 309
503 239
750 20
221 858
789 600
932 189
392 2
109 748
990 662
151 992
503 834
449 192
808 537
644 167
863 61
705 951
127 374
58 843
95 212
387 39
795 162
248 565
209 849
111 295
765 828
295 778
442 605
334 551
360 970
173 411
84 10
467 130
306 60
363 53
135 611
362 359
678 447
771 107
934 533
601 617
409 174
207 899
267 312
953 809
311 211
793 848
478 965
137 788
600 326
802 542
507 26
362 25
377 199
491 951
991 994
331 655
581 98
949 718
658 749
879 653
241 809
866 520
831 750
854 837
908 357
103 371
73 292
976 563
370 286
893 914
50 716
159 306
124 882
299 183
390 2
104 797
161 202
966 977
381 367
548 838
756 269
168 814
480 512
100 297
708 168
425 358
640 54
743 381
518 870
299 333
693 141
346 24
493 151
989 818
741 177
355 842
621 667
531 847
199 325
290 739
904 379
209 497
711 430
532 355
679 204
895 329
212 679
873 555
639 728
624 623
692 393
240 152
94 327
642 633
612 128
726 920
375 298
937 151
888 835
616 338
134 877
540 182
891 840
250 48
503 390
161 961
808 388
579 347
576 992
338 559
618 257
591 47
566 787
677 486
598 18
700 257
847 722
283 323
114 837
745 777
743 306
550 662
933 278
541 660
794 236
26 18
409 138
136 974
304 336
965 901
433 60
804 5
932 82
3 382
529 794
487 342
642 91
257 255
684 706
601 180
568 815
625 770
644 187
98 898
746 22
193 958
250 825
381 17
656 826
400 624
348 350
64 909
451 95
590 974
902 442
544 802
245 883
104 889
546 368
272 713
263 145
115 411
189 672
780 561
251 875
608 296
368 525
78 444
913 53
901 640
929 90
776 76
416 371
15 405
843 572
99 284
891 296
104 166
894 909
290 519
431 298
14 440
187 798
168 685
703 254
563 427
708 576
436 259
240 132
38 75
151 808
501 291
708 868
450 739
201 575
237 297
916 900
904 964
516 49
576 972
95 300
140 708
572 625
420 253
59 407
169 315
818 920
545 560
31 965
952 558
883 706
75 897
866 908
117 6
581 375
247 647
40 439
435 274
84 800
343 565
770 121
590 622
993 96
79 239
745 519
141 38
289 633
841 52
325 793
182 236
573 469
747 334
620 976
148 283
25 208
339 432
654 825
671 809
881 801
902 279
98 793
400 197
898 614
516 969
371 880
462 345
689 299
831 985
312 258
612 693
741 23
337 977
446 205
963 37
